0 0.16875000 0.63046900 0.07812500 0.08593800
0 0.24609400 0.70156300 0.07656300 0.07187500
2 0.38125000 0.65156300 0.09375000 0.08125000
2 0.48125000 0.84843800 0.05625000 0.07500000
2 0.49062500 0.94218800 0.08437500 0.07500000
2 0.70546900 0.69687500 0.09843800 0.07187500
2 0.40000000 0.91015600 0.09375000 0.07968800
2 0.56093700 0.78359400 0.06875000 0.08906300
2 0.58906300 0.86406300 0.06250000 0.07500000
0 0.67343800 0.89531300 0.06562500 0.06875000
2 0.52890600 0.85000000 0.05781300 0.07500000
2 0.29375000 0.50000000 0.08750000 0.09375000
0 0.50234400 0.79296900 0.06718700 0.06406300
