2 0.14218700 0.95859400 0.09375000 0.06718700
2 0.49375000 0.40156300 0.12500000 0.09062500
2 0.63671900 0.69531200 0.07968800 0.06562500
2 0.31718800 0.29296900 0.11875000 0.05156300
0 0.39843800 0.17343800 0.05312500 0.05625000
2 0.27187500 0.62421900 0.10312500 0.06718700
2 0.75156300 0.83906300 0.09062500 0.06562500
0 0.45234400 0.16328100 0.05781300 0.06093800
2 0.69531200 0.58515600 0.08750000 0.09531300
2 0.07343800 0.12734400 0.09062500 0.09531300
2 0.46171900 0.27500000 0.08281300 0.06562500
2 0.38515600 0.09531300 0.08906300 0.06250000
2 0.52734400 0.33984400 0.09531300 0.07968800
2 0.31875000 0.23750000 0.15000000 0.05937500
