0 0.079879 0.222789 0.013074 0.017857
0 0.050223 0.210459 0.017538 0.018707
0 0.150032 0.196854 0.011161 0.014456
0 0.171556 0.156463 0.015944 0.014456
0 0.050064 0.153274 0.014031 0.018282
0 0.116071 0.151361 0.014031 0.020408
0 0.188297 0.113095 0.013712 0.018707
0 0.111607 0.074830 0.012755 0.017857
0 0.068399 0.072917 0.013712 0.019133
0 0.126754 0.073554 0.014987 0.023810
0 0.199139 0.062925 0.016901 0.017007
0 0.072864 0.053997 0.013074 0.017007
0 0.131218 0.051658 0.014987 0.019983
0 0.035555 0.044855 0.012436 0.024235
0 0.198023 0.029337 0.012755 0.017007
0 0.172991 0.017007 0.016901 0.022109
1 0.140784 0.233844 0.007972 0.019558
1 0.046397 0.226828 0.016263 0.014881
1 0.142060 0.209396 0.017538 0.011480
1 0.156569 0.184736 0.014031 0.011480
1 0.238202 0.158801 0.014031 0.014031
1 0.056760 0.140519 0.015306 0.018282
1 0.223055 0.137968 0.017538 0.014031
1 0.238999 0.139668 0.009885 0.019983
1 0.132175 0.123512 0.023916 0.008929
1 0.012277 0.121599 0.017538 0.017857
1 0.093909 0.100765 0.015625 0.015306
1 0.204241 0.046344 0.016901 0.011905
1 0.158163 0.020196 0.014668 0.019983
1 0.077647 0.019345 0.016263 0.019133
2 0.234056 0.216412 0.018495 0.024660
2 0.075733 0.198554 0.017538 0.024660
2 0.102200 0.017432 0.017538 0.014456
