0 0.632959 0.910000 0.097378 0.130000
0 0.280899 0.892500 0.089888 0.165000
0 0.434457 0.825000 0.097378 0.130000
0 0.589888 0.762500 0.108614 0.145000
0 0.855805 0.735000 0.093633 0.110000
0 0.209738 0.687500 0.127341 0.145000
0 0.762172 0.632500 0.101124 0.135000
0 0.636704 0.600000 0.104869 0.140000
0 0.529963 0.525000 0.093633 0.140000
0 0.846442 0.515000 0.097378 0.140000
0 0.256554 0.445000 0.108614 0.120000
0 0.769663 0.332500 0.101124 0.135000
0 0.157303 0.325000 0.097378 0.120000
0 0.867041 0.235000 0.093633 0.120000
0 0.076779 0.215000 0.093633 0.140000
0 0.325843 0.182500 0.089888 0.125000
0 0.786517 0.132500 0.104869 0.115000
0 0.176030 0.142500 0.112360 0.135000
0 0.597378 0.127500 0.093633 0.125000
1 0.926966 0.560000 0.086142 0.160000
1 0.355805 0.377500 0.097378 0.085000
1 0.627341 0.252500 0.153558 0.075000
