0 0.608614 0.915000 0.101124 0.150000
0 0.915730 0.842500 0.108614 0.145000
0 0.711610 0.835000 0.104869 0.150000
0 0.316479 0.762500 0.086142 0.125000
0 0.200375 0.737500 0.101124 0.125000
0 0.492509 0.702500 0.116105 0.145000
0 0.350187 0.615000 0.093633 0.110000
0 0.700375 0.605000 0.112360 0.130000
0 0.194757 0.517500 0.104869 0.145000
0 0.327715 0.347500 0.101124 0.145000
0 0.887640 0.285000 0.104869 0.120000
0 0.102996 0.172500 0.093633 0.135000
0 0.342697 0.130000 0.108614 0.130000
0 0.906367 0.127500 0.104869 0.135000
0 0.550562 0.080000 0.089888 0.130000
1 0.737828 0.275000 0.074906 0.190000
