0 0.053412 0.231718 0.012436 0.016156
0 0.039700 0.200893 0.013074 0.016582
0 0.158960 0.198342 0.016901 0.019983
0 0.078444 0.160289 0.012117 0.018707
0 0.214286 0.154762 0.015306 0.012755
0 0.024075 0.152849 0.011161 0.020833
0 0.081633 0.138818 0.012117 0.019133
0 0.236448 0.136692 0.014987 0.019133
0 0.224171 0.126276 0.014668 0.014456
0 0.204719 0.114796 0.010204 0.013605
0 0.107462 0.116284 0.015306 0.020833
0 0.162149 0.098852 0.014349 0.018282
0 0.014509 0.095238 0.014987 0.017007
0 0.219069 0.091412 0.014031 0.016156
0 0.117666 0.086310 0.014031 0.017007
0 0.233897 0.074830 0.013074 0.014456
0 0.151786 0.062713 0.017857 0.014031
0 0.218750 0.053784 0.014031 0.015731
0 0.051818 0.048257 0.014987 0.018282
0 0.015784 0.041241 0.011798 0.015306
0 0.110013 0.034014 0.015306 0.020408
0 0.076531 0.009354 0.012755 0.017857
1 0.101403 0.237457 0.013393 0.020833
1 0.140466 0.218963 0.013074 0.019558
1 0.043686 0.166667 0.022959 0.009354
1 0.192602 0.133716 0.017857 0.015731
1 0.102360 0.093750 0.016582 0.009779
1 0.069037 0.089286 0.013712 0.015306
1 0.043048 0.031037 0.014031 0.012755
1 0.138074 0.022747 0.009566 0.025085
1 0.043048 0.012968 0.015944 0.015731
2 0.032047 0.187075 0.016901 0.017857
