0 0.113361 0.236820 0.014987 0.017857
0 0.099011 0.222789 0.012436 0.016156
0 0.241071 0.207058 0.015306 0.018707
0 0.134088 0.204719 0.013074 0.016582
0 0.170759 0.199617 0.012436 0.019983
0 0.195950 0.196216 0.013074 0.016582
0 0.215880 0.196003 0.015306 0.019558
0 0.228954 0.156888 0.012117 0.016156
0 0.154337 0.138393 0.012755 0.016582
0 0.103954 0.138605 0.010842 0.020408
0 0.211575 0.125425 0.012436 0.011905
0 0.033163 0.122236 0.015944 0.021684
0 0.220823 0.093750 0.013712 0.017432
0 0.109853 0.092262 0.014349 0.017857
0 0.235172 0.088435 0.013712 0.018707
0 0.080517 0.085459 0.010523 0.019558
0 0.097577 0.082696 0.012755 0.015731
0 0.008291 0.063350 0.015944 0.022109
0 0.052296 0.043580 0.017219 0.024235
0 0.171556 0.035077 0.015306 0.019983
1 0.183673 0.234694 0.016582 0.012755
1 0.189573 0.213648 0.015625 0.014031
1 0.124522 0.177509 0.010523 0.019133
1 0.093431 0.163690 0.017219 0.015306
1 0.189573 0.171981 0.007972 0.033588
1 0.184311 0.156250 0.012755 0.021684
1 0.050702 0.132866 0.019770 0.010629
1 0.193559 0.120961 0.017857 0.016582
1 0.164541 0.107993 0.014031 0.014456
1 0.157207 0.096939 0.015306 0.024660
1 0.026786 0.083546 0.015306 0.009779
2 0.143654 0.226190 0.014987 0.022959
