0 0.827715 0.842500 0.104869 0.145000
0 0.267790 0.827500 0.101124 0.135000
0 0.368914 0.727500 0.093633 0.115000
0 0.602996 0.665000 0.097378 0.140000
0 0.288390 0.627500 0.104869 0.115000
0 0.099251 0.622500 0.093633 0.125000
0 0.840824 0.620000 0.108614 0.130000
0 0.458801 0.587500 0.101124 0.145000
0 0.945693 0.530000 0.093633 0.130000
0 0.250936 0.482500 0.112360 0.145000
0 0.627341 0.412500 0.093633 0.125000
0 0.376404 0.362500 0.101124 0.135000
0 0.106742 0.292500 0.093633 0.125000
0 0.814607 0.232500 0.101124 0.135000
0 0.359551 0.207500 0.082397 0.115000
0 0.155431 0.147500 0.101124 0.125000
0 0.567416 0.137500 0.093633 0.135000
0 0.730337 0.110000 0.104869 0.140000
1 0.129213 0.747500 0.153558 0.075000
