0 0.559925 0.882500 0.101124 0.125000
0 0.719101 0.792500 0.104869 0.125000
0 0.850187 0.777500 0.097378 0.125000
0 0.614232 0.722500 0.097378 0.145000
0 0.404494 0.710000 0.089888 0.160000
0 0.271536 0.600000 0.101124 0.120000
0 0.136704 0.535000 0.093633 0.120000
0 0.410112 0.500000 0.093633 0.120000
0 0.625468 0.487500 0.089888 0.135000
0 0.277154 0.475000 0.104869 0.140000
0 0.934457 0.385000 0.093633 0.130000
0 0.346442 0.335000 0.116105 0.140000
0 0.220974 0.315000 0.097378 0.130000
0 0.348315 0.172500 0.097378 0.125000
1 0.316479 0.802500 0.078652 0.145000
1 0.526217 0.737500 0.071161 0.175000
1 0.080524 0.700000 0.086142 0.160000
