0 0.372659 0.830000 0.108614 0.150000
0 0.930712 0.807500 0.101124 0.135000
0 0.582397 0.727500 0.093633 0.125000
0 0.410112 0.670000 0.131086 0.150000
0 0.745318 0.647500 0.097378 0.125000
0 0.616105 0.577500 0.108614 0.145000
0 0.509363 0.500000 0.089888 0.150000
0 0.194757 0.457500 0.097378 0.125000
0 0.893258 0.452500 0.108614 0.135000
0 0.310861 0.292500 0.104869 0.135000
0 0.840824 0.235000 0.101124 0.150000
0 0.696629 0.157500 0.082397 0.135000
1 0.664794 0.865000 0.078652 0.150000
1 0.382022 0.462500 0.089888 0.135000
