0 0.060427 0.235969 0.012436 0.018707
0 0.073182 0.231505 0.012436 0.020833
0 0.077328 0.211522 0.013712 0.017432
0 0.116231 0.209609 0.013074 0.015306
0 0.091199 0.198554 0.012755 0.017857
0 0.091996 0.178784 0.015625 0.016582
0 0.162309 0.145408 0.008291 0.011054
0 0.145089 0.140306 0.015306 0.015306
0 0.047194 0.139881 0.015944 0.022959
0 0.072066 0.113520 0.012117 0.019558
0 0.162149 0.111182 0.013074 0.019133
0 0.018973 0.076531 0.014349 0.022959
0 0.038744 0.061012 0.014349 0.017432
0 0.107781 0.039753 0.015306 0.018282
0 0.147959 0.037840 0.018495 0.019558
0 0.085778 0.017432 0.013393 0.018707
0 0.033801 0.010629 0.011480 0.015306
1 0.117506 0.225340 0.015625 0.013605
1 0.102679 0.219388 0.012755 0.015306
1 0.066964 0.200680 0.015306 0.019558
1 0.142857 0.197491 0.015306 0.025935
1 0.044802 0.182398 0.014987 0.012755
1 0.171397 0.150510 0.013712 0.011905
1 0.192124 0.137330 0.019452 0.011054
1 0.030772 0.133716 0.020089 0.010629
1 0.084981 0.132653 0.019452 0.012755
1 0.207430 0.125850 0.014349 0.014456
1 0.107940 0.115859 0.014349 0.013180
1 0.128827 0.106718 0.014668 0.012755
1 0.234375 0.106505 0.012117 0.014031
1 0.096620 0.072917 0.014031 0.017432
1 0.186543 0.072491 0.016582 0.019983
1 0.077806 0.064201 0.019770 0.012755
1 0.109216 0.063138 0.008610 0.026786
1 0.079401 0.048469 0.014031 0.011905
1 0.089764 0.034864 0.015625 0.011905
