0 0.181282 0.225765 0.017538 0.021259
0 0.215880 0.207483 0.014668 0.012755
0 0.185587 0.205145 0.018495 0.021684
0 0.144770 0.202806 0.015306 0.022959
0 0.217315 0.187713 0.016901 0.014031
0 0.175861 0.186224 0.015625 0.022109
0 0.211097 0.171769 0.014668 0.020408
0 0.209024 0.126276 0.011798 0.017857
0 0.055166 0.117560 0.015944 0.020833
0 0.177296 0.098427 0.013393 0.015731
0 0.029974 0.032738 0.019770 0.018707
0 0.075415 0.024235 0.015625 0.017007
0 0.129464 0.022959 0.014668 0.019558
1 0.103954 0.205782 0.012117 0.011054
1 0.059311 0.196854 0.017219 0.011905
1 0.069675 0.182611 0.016901 0.014031
1 0.102519 0.160927 0.015625 0.014031
1 0.035714 0.154124 0.013393 0.014881
1 0.014349 0.144983 0.013393 0.028061
1 0.173469 0.131165 0.013393 0.018282
1 0.193080 0.127976 0.017538 0.014456
1 0.071110 0.122449 0.016582 0.011905
1 0.178571 0.110969 0.024235 0.019558
1 0.052615 0.067177 0.022321 0.014456
1 0.133929 0.068240 0.019133 0.018282
1 0.179209 0.066964 0.014031 0.022534
1 0.028061 0.053146 0.015944 0.010204
1 0.172991 0.026361 0.011798 0.028061
2 0.215880 0.211097 0.014668 0.019983
2 0.094547 0.142857 0.018176 0.022959
2 0.087851 0.123087 0.014349 0.015731
2 0.227679 0.123724 0.018495 0.019558
2 0.018176 0.122236 0.017857 0.023384
