0 0.184152 0.235119 0.014349 0.013605
0 0.089445 0.225553 0.016901 0.021684
0 0.140147 0.211947 0.014349 0.018282
0 0.221779 0.212372 0.015625 0.022534
0 0.176977 0.190476 0.015944 0.019558
0 0.135204 0.188350 0.015944 0.022959
0 0.044643 0.174107 0.015944 0.019983
0 0.228635 0.170068 0.016582 0.019558
0 0.224171 0.152211 0.014031 0.018707
0 0.077806 0.147959 0.019133 0.022109
0 0.145727 0.138818 0.014668 0.018282
0 0.018495 0.132015 0.014031 0.018282
0 0.185746 0.127551 0.012436 0.017857
0 0.088648 0.122449 0.014031 0.020408
0 0.102360 0.115221 0.014031 0.018707
0 0.158642 0.093963 0.012436 0.018707
0 0.091358 0.092049 0.015625 0.021684
0 0.128508 0.088435 0.014668 0.022109
0 0.062659 0.063776 0.013074 0.018707
0 0.014828 0.047406 0.013074 0.020833
1 0.184152 0.235119 0.014349 0.013605
1 0.117347 0.214711 0.021684 0.010204
1 0.159279 0.213010 0.018176 0.014456
1 0.065689 0.203444 0.015944 0.015731
1 0.231186 0.186650 0.017857 0.011905
1 0.018335 0.149022 0.016263 0.014031
1 0.035236 0.150935 0.017538 0.018707
1 0.122290 0.146259 0.023278 0.015306
1 0.119260 0.123937 0.017219 0.010629
1 0.061703 0.114583 0.020089 0.010629
1 0.026786 0.080995 0.019770 0.010629
1 0.183355 0.082270 0.012117 0.022534
1 0.098693 0.061862 0.024554 0.016582
2 0.025351 0.183673 0.021365 0.022959
