0 0.236926 0.234269 0.014031 0.018707
0 0.043208 0.215349 0.013712 0.019133
0 0.151148 0.210459 0.017857 0.022109
0 0.187659 0.202381 0.016901 0.021259
0 0.112085 0.201531 0.016263 0.022959
0 0.046556 0.187713 0.013393 0.019133
0 0.157526 0.163053 0.016582 0.020833
0 0.136958 0.153274 0.018814 0.018282
0 0.219388 0.148597 0.015944 0.024235
0 0.204560 0.144983 0.012436 0.018707
0 0.151945 0.137755 0.013074 0.018707
0 0.012915 0.132440 0.013074 0.021684
0 0.095504 0.132440 0.015625 0.022534
0 0.118622 0.125000 0.015306 0.018707
0 0.173310 0.123512 0.013712 0.019133
0 0.105548 0.112032 0.017857 0.021684
0 0.199298 0.097577 0.017219 0.021684
0 0.121014 0.076318 0.014987 0.019133
0 0.032366 0.074192 0.017538 0.025085
0 0.105230 0.070366 0.015944 0.025085
0 0.144292 0.061650 0.018176 0.022109
1 0.162628 0.234269 0.024872 0.011905
1 0.072226 0.196429 0.017538 0.016156
1 0.176658 0.185587 0.019133 0.014881
1 0.091677 0.179847 0.018814 0.012755
1 0.119898 0.181335 0.019770 0.017432
1 0.125319 0.162840 0.013393 0.014456
1 0.038744 0.145408 0.016901 0.013605
1 0.107462 0.137755 0.013393 0.016156
1 0.049426 0.136905 0.010204 0.022109
1 0.029815 0.131165 0.014987 0.013180
1 0.042730 0.110332 0.019133 0.014031
1 0.074298 0.108206 0.017219 0.013180
1 0.168048 0.107993 0.015306 0.013605
1 0.111129 0.090561 0.017538 0.014456
1 0.216518 0.079719 0.017857 0.019983
1 0.178890 0.068665 0.020408 0.009779
1 0.236607 0.035289 0.020408 0.012755
1 0.025032 0.034014 0.012436 0.028061
2 0.190689 0.023597 0.017219 0.018282
