0 0.158323 0.234269 0.011798 0.015306
0 0.071429 0.228316 0.010204 0.012755
0 0.097098 0.230230 0.013074 0.018282
0 0.142060 0.228741 0.014987 0.020408
0 0.124043 0.227041 0.018495 0.024660
0 0.198501 0.222789 0.016901 0.022959
0 0.168367 0.194515 0.015944 0.017432
0 0.078603 0.191539 0.016263 0.018282
0 0.105070 0.186437 0.014349 0.020833
0 0.063776 0.172406 0.011480 0.014881
0 0.205676 0.171981 0.012755 0.016582
0 0.178731 0.166241 0.013712 0.015306
0 0.102679 0.160927 0.015306 0.019133
0 0.218272 0.150085 0.013712 0.017857
0 0.185108 0.148597 0.014987 0.019983
0 0.168686 0.149235 0.015944 0.022959
0 0.094388 0.136905 0.014668 0.018707
0 0.228157 0.126063 0.017538 0.018282
0 0.130102 0.126913 0.016582 0.020833
0 0.206792 0.117560 0.012436 0.015731
0 0.146205 0.111395 0.010523 0.014456
0 0.140147 0.095663 0.014349 0.017007
0 0.097577 0.073342 0.016582 0.019133
0 0.159120 0.073129 0.015944 0.022109
0 0.120057 0.056973 0.014349 0.015306
0 0.011480 0.059524 0.014668 0.020408
0 0.084184 0.052083 0.014668 0.019133
0 0.231983 0.052509 0.013074 0.021684
0 0.038903 0.050595 0.015306 0.019558
0 0.174426 0.048469 0.014031 0.022959
0 0.213010 0.021896 0.015306 0.025935
0 0.025670 0.012755 0.009885 0.016156
1 0.166454 0.223639 0.016582 0.009354
1 0.232143 0.196854 0.018495 0.011905
1 0.136798 0.180910 0.019133 0.011480
1 0.164860 0.177721 0.015306 0.011054
1 0.141901 0.168580 0.021684 0.012330
1 0.182876 0.122024 0.014349 0.029762
1 0.212054 0.087372 0.020408 0.014881
1 0.114955 0.067177 0.016263 0.021259
1 0.115434 0.041241 0.013393 0.011905
1 0.043367 0.032313 0.009566 0.026361
1 0.170918 0.026148 0.012755 0.020833
2 0.151467 0.211097 0.015944 0.014881
2 0.025829 0.012543 0.010842 0.017432
