0 0.013712 0.235757 0.014031 0.021684
0 0.038584 0.233844 0.012755 0.018707
0 0.211575 0.213010 0.012436 0.016156
0 0.176658 0.212585 0.015944 0.016156
0 0.194994 0.208121 0.015625 0.017432
0 0.071907 0.165604 0.016263 0.019983
0 0.054528 0.122874 0.015944 0.018707
0 0.149713 0.103741 0.013712 0.018707
0 0.137117 0.093112 0.014668 0.014456
0 0.117506 0.082058 0.009885 0.013605
0 0.157047 0.084396 0.014987 0.019133
0 0.020408 0.083121 0.015944 0.021684
0 0.043846 0.070578 0.016263 0.022109
0 0.075096 0.065689 0.014349 0.018282
0 0.132175 0.058036 0.014349 0.015731
0 0.221620 0.054847 0.015944 0.019558
0 0.030612 0.053359 0.014031 0.017432
0 0.146524 0.041879 0.013074 0.014031
0 0.183355 0.036352 0.013393 0.018282
0 0.131696 0.020621 0.014031 0.015731
1 0.024235 0.223002 0.016582 0.014881
1 0.161990 0.208546 0.016582 0.021684
1 0.014190 0.205145 0.013712 0.021684
1 0.053253 0.186224 0.013393 0.019558
1 0.194675 0.172406 0.018814 0.008929
1 0.130580 0.167092 0.010523 0.012755
1 0.184471 0.140731 0.016263 0.011905
1 0.235013 0.137330 0.012755 0.014456
1 0.049267 0.136692 0.019452 0.014881
1 0.220823 0.133929 0.014987 0.017857
1 0.170599 0.122024 0.016582 0.011905
1 0.127232 0.121811 0.014668 0.011480
1 0.136639 0.111182 0.015625 0.014881
1 0.105389 0.100765 0.016901 0.015306
1 0.137117 0.093112 0.014668 0.014456
1 0.036990 0.075893 0.012117 0.027636
1 0.015147 0.060587 0.016901 0.010629
1 0.063616 0.044855 0.016901 0.012330
1 0.213010 0.039328 0.016582 0.014881
1 0.064732 0.029549 0.017857 0.014031
1 0.153699 0.017007 0.021046 0.012755
2 0.139987 0.230017 0.013393 0.014456
2 0.059471 0.205995 0.014987 0.022534
2 0.222258 0.195791 0.015306 0.017432
2 0.167889 0.149447 0.016901 0.020833
2 0.204560 0.129039 0.013712 0.015731
