0 0.046875 0.240646 0.015306 0.016156
0 0.048469 0.220876 0.015306 0.018282
0 0.178731 0.218325 0.013712 0.019983
0 0.166614 0.184949 0.013712 0.019558
0 0.171716 0.157313 0.015625 0.015306
0 0.187341 0.141369 0.013712 0.014031
0 0.094228 0.136054 0.014349 0.016156
0 0.231186 0.128189 0.015944 0.021684
0 0.074617 0.119685 0.013393 0.017432
0 0.011798 0.114583 0.014031 0.013180
0 0.027583 0.113946 0.014349 0.019558
0 0.215402 0.103316 0.014987 0.019558
0 0.087532 0.092474 0.015625 0.012330
0 0.084024 0.023597 0.016901 0.019133
0 0.129145 0.010417 0.014031 0.018282
1 0.214605 0.235757 0.016582 0.010629
1 0.080357 0.201318 0.007653 0.030187
1 0.062659 0.187925 0.018176 0.010204
1 0.087054 0.188138 0.012755 0.019133
1 0.178731 0.172406 0.018814 0.008078
1 0.114158 0.162840 0.025510 0.008503
1 0.229592 0.163690 0.019770 0.011905
1 0.150829 0.160077 0.009566 0.017432
1 0.062022 0.153274 0.019452 0.021684
1 0.210140 0.145833 0.019133 0.009354
1 0.164700 0.145196 0.021365 0.008078
1 0.214764 0.120748 0.014987 0.011054
1 0.055804 0.118410 0.020408 0.017432
1 0.143017 0.107143 0.016263 0.012755
1 0.161511 0.067389 0.018814 0.014881
1 0.143176 0.061437 0.012755 0.014031
1 0.177455 0.040604 0.017538 0.019133
1 0.200893 0.026786 0.014668 0.012755
2 0.234375 0.087798 0.018495 0.023384
2 0.066645 0.079932 0.014668 0.022959
2 0.216996 0.022959 0.014987 0.021259
