0 0.161671 0.230442 0.014031 0.017857
0 0.198342 0.187500 0.014668 0.021259
0 0.086416 0.185162 0.015944 0.019983
0 0.124043 0.175595 0.014031 0.016156
0 0.235651 0.171556 0.013393 0.016582
0 0.126435 0.154974 0.011161 0.018282
0 0.109694 0.141582 0.012755 0.017857
0 0.119579 0.117134 0.011480 0.015731
0 0.193559 0.103529 0.012117 0.013180
0 0.149713 0.092262 0.014987 0.015306
0 0.197704 0.086947 0.014031 0.018282
0 0.072226 0.083971 0.013712 0.020833
0 0.210300 0.071854 0.013712 0.018707
0 0.013233 0.065051 0.012436 0.015306
0 0.153858 0.056760 0.014349 0.013180
0 0.026148 0.055697 0.015306 0.012755
0 0.193878 0.043367 0.014031 0.022109
1 0.187341 0.235544 0.014349 0.011054
1 0.132653 0.215349 0.023597 0.010629
1 0.194515 0.205782 0.013393 0.017007
1 0.013552 0.202168 0.022640 0.010629
1 0.039381 0.173682 0.018814 0.011480
1 0.069675 0.178146 0.009247 0.022959
1 0.176339 0.160927 0.016582 0.012330
1 0.114158 0.158801 0.011480 0.014881
1 0.175542 0.143707 0.019452 0.009354
1 0.201849 0.136054 0.014031 0.021259
1 0.045918 0.125000 0.013393 0.019558
1 0.073182 0.101190 0.015625 0.011054
1 0.106186 0.054422 0.023597 0.011054
1 0.035874 0.028061 0.015625 0.013605
1 0.213648 0.017219 0.015306 0.014881
1 0.103157 0.016156 0.017538 0.012755
1 0.186543 0.015519 0.017219 0.012330
2 0.222577 0.188350 0.015306 0.014456
