0 0.081314 0.228316 0.015306 0.019558
0 0.102519 0.211097 0.013712 0.019133
0 0.033960 0.206207 0.013712 0.014456
0 0.150351 0.186650 0.010523 0.017007
0 0.095026 0.171344 0.012755 0.016156
0 0.077328 0.159226 0.012436 0.015731
0 0.123724 0.146896 0.017219 0.020833
0 0.168367 0.120323 0.016582 0.012755
0 0.215242 0.095238 0.012117 0.021259
0 0.214286 0.067177 0.012117 0.020408
0 0.235969 0.065901 0.014668 0.021259
0 0.104114 0.063988 0.012436 0.018282
0 0.201531 0.057185 0.011480 0.014031
0 0.150510 0.055060 0.014031 0.019983
0 0.061065 0.049320 0.013074 0.020408
0 0.018814 0.016794 0.014668 0.024235
1 0.030293 0.230655 0.016582 0.012330
1 0.105708 0.231718 0.016263 0.018707
1 0.215083 0.212585 0.021365 0.017007
1 0.160395 0.206207 0.016582 0.017007
1 0.160395 0.141794 0.007653 0.032738
1 0.090721 0.121599 0.006059 0.032313
1 0.122449 0.064413 0.019770 0.011480
1 0.088489 0.062925 0.015625 0.014456
1 0.048310 0.046981 0.011798 0.021684
1 0.164222 0.040179 0.020408 0.016582
1 0.144930 0.014668 0.018814 0.017432
