0 0.242028 0.214286 0.013393 0.020408
0 0.049107 0.185587 0.014031 0.017432
0 0.090083 0.176658 0.013074 0.017432
0 0.040497 0.167730 0.014031 0.017432
0 0.164541 0.133929 0.011480 0.015306
0 0.070153 0.128189 0.012117 0.016582
0 0.193878 0.110544 0.010204 0.019558
0 0.133450 0.080570 0.016901 0.018282
0 0.078763 0.076956 0.011480 0.019558
0 0.231027 0.077381 0.015625 0.022959
0 0.216837 0.058036 0.012755 0.014881
0 0.179688 0.041879 0.009885 0.014031
0 0.125000 0.042942 0.013393 0.019558
0 0.199298 0.041454 0.014031 0.017432
0 0.009247 0.030612 0.012117 0.017007
1 0.023438 0.231718 0.034758 0.007653
1 0.051020 0.224915 0.017219 0.014456
1 0.230708 0.213435 0.007972 0.021259
1 0.223374 0.187287 0.008610 0.025085
1 0.027742 0.179634 0.013393 0.017432
1 0.013393 0.180485 0.015944 0.019133
1 0.137277 0.162840 0.015625 0.013605
1 0.210459 0.152423 0.017857 0.023384
1 0.150670 0.127764 0.013074 0.015731
1 0.096301 0.117560 0.024235 0.012330
1 0.148438 0.109056 0.016901 0.013180
1 0.228954 0.104592 0.018495 0.019558
1 0.212054 0.089711 0.016582 0.012755
1 0.039541 0.018920 0.019770 0.015731
1 0.070312 0.005952 0.018814 0.009354
2 0.180804 0.120111 0.014031 0.023384
2 0.151467 0.048469 0.012755 0.016156
2 0.221620 0.034014 0.014668 0.022959
