0 0.154496 0.234056 0.013074 0.020833
0 0.127392 0.214711 0.011798 0.017007
0 0.200255 0.207483 0.013393 0.017007
0 0.154974 0.194728 0.019133 0.016156
0 0.104273 0.191752 0.015306 0.014456
0 0.179847 0.175808 0.012755 0.018282
0 0.091837 0.146471 0.013393 0.015731
0 0.011320 0.141582 0.014349 0.016156
0 0.035395 0.135842 0.014668 0.020833
0 0.050861 0.128189 0.014349 0.018282
0 0.022800 0.124787 0.013712 0.017432
0 0.163903 0.118410 0.014031 0.018282
0 0.087372 0.117347 0.010842 0.020408
0 0.069037 0.102466 0.016901 0.019558
0 0.192921 0.085884 0.012117 0.015306
0 0.174745 0.085884 0.012755 0.018707
0 0.121811 0.082908 0.012755 0.016156
0 0.140306 0.079719 0.012117 0.018282
0 0.117825 0.066327 0.012436 0.017007
0 0.090561 0.061650 0.014031 0.019558
0 0.076531 0.059099 0.012755 0.016156
0 0.241550 0.058886 0.013712 0.017432
0 0.167251 0.055272 0.013712 0.017857
0 0.024872 0.046344 0.011480 0.016156
0 0.062022 0.043580 0.014987 0.018282
0 0.138712 0.038478 0.013393 0.021684
0 0.124362 0.038903 0.013393 0.022534
0 0.230708 0.021684 0.018176 0.018707
0 0.141103 0.018070 0.014349 0.019133
0 0.116071 0.009991 0.014668 0.018282
1 0.083068 0.186224 0.013074 0.018707
1 0.086894 0.161352 0.016263 0.009779
1 0.124362 0.146259 0.019133 0.011905
1 0.209662 0.136267 0.017538 0.014031
1 0.190370 0.112245 0.016582 0.021259
1 0.090242 0.094813 0.012117 0.011905
1 0.034758 0.062287 0.019770 0.015731
2 0.137117 0.198767 0.019133 0.014881
2 0.029018 0.188563 0.016582 0.019983
2 0.219707 0.150723 0.012755 0.016582
2 0.136161 0.094813 0.013393 0.018707
2 0.057398 0.056760 0.018495 0.019133
