0 0.661049 0.885000 0.086142 0.120000
0 0.303371 0.802500 0.127341 0.155000
0 0.048689 0.705000 0.089888 0.160000
0 0.440075 0.637500 0.116105 0.155000
0 0.071161 0.447500 0.112360 0.145000
0 0.904494 0.335000 0.116105 0.150000
0 0.756554 0.265000 0.097378 0.120000
1 0.591760 0.715000 0.089888 0.200000
1 0.823970 0.717500 0.044944 0.245000
1 0.194757 0.550000 0.097378 0.160000
1 0.955056 0.575000 0.052434 0.250000
1 0.880150 0.155000 0.104869 0.160000
2 0.840824 0.872500 0.108614 0.155000
2 0.222846 0.307500 0.183521 0.105000
