0 0.130580 0.237032 0.013712 0.017432
0 0.022640 0.232568 0.017857 0.020408
0 0.169005 0.220876 0.015944 0.017432
0 0.097895 0.221088 0.014668 0.018707
0 0.036830 0.221088 0.014349 0.018707
0 0.059790 0.212585 0.012436 0.015306
0 0.174904 0.204507 0.014349 0.018707
0 0.188297 0.204932 0.012436 0.020408
0 0.064892 0.188138 0.016263 0.019983
0 0.092315 0.178997 0.012436 0.017007
0 0.200893 0.178359 0.015306 0.020833
0 0.213807 0.172194 0.013712 0.018707
0 0.084821 0.159014 0.014668 0.018707
0 0.217156 0.143920 0.014031 0.018282
0 0.075893 0.142645 0.014668 0.019133
0 0.038425 0.130952 0.014349 0.020408
0 0.236607 0.124150 0.013393 0.017857
0 0.139668 0.122024 0.012755 0.020408
0 0.047513 0.114583 0.015944 0.019133
0 0.093272 0.110757 0.011798 0.014881
0 0.016582 0.111395 0.012755 0.018707
0 0.212213 0.108418 0.009247 0.016156
0 0.067602 0.098852 0.012755 0.013180
0 0.230070 0.094600 0.012436 0.018282
0 0.130421 0.093963 0.012755 0.017857
0 0.120376 0.084396 0.009885 0.014881
0 0.085140 0.067177 0.012117 0.016156
0 0.068559 0.063138 0.017219 0.019133
0 0.204241 0.055910 0.014987 0.019133
0 0.077009 0.043793 0.013074 0.017857
0 0.019930 0.038903 0.014349 0.017432
0 0.154974 0.028274 0.014668 0.019133
0 0.099968 0.025298 0.014349 0.019983
0 0.023597 0.019983 0.016582 0.022109
0 0.139668 0.017645 0.015944 0.019133
0 0.112404 0.016794 0.014349 0.019983
0 0.232621 0.015306 0.014987 0.022959
1 0.201849 0.121811 0.017857 0.011480
1 0.227519 0.073342 0.027105 0.016582
2 0.098214 0.240221 0.017219 0.017857
2 0.221460 0.127338 0.013074 0.012330
