0 0.190051 0.239371 0.012755 0.017857
0 0.124522 0.220238 0.014349 0.017857
0 0.200574 0.219813 0.019133 0.022959
0 0.035714 0.214711 0.014668 0.019558
0 0.048788 0.209396 0.013393 0.018282
0 0.153858 0.197917 0.013074 0.016582
0 0.198980 0.184524 0.014031 0.018707
0 0.051977 0.181335 0.014031 0.018282
0 0.014987 0.180910 0.014668 0.020833
0 0.071269 0.161565 0.012436 0.017857
0 0.123724 0.154762 0.014031 0.018707
0 0.231824 0.153699 0.014031 0.019133
0 0.047513 0.145408 0.008929 0.016156
0 0.087054 0.139881 0.017219 0.018707
0 0.150829 0.132866 0.012755 0.019133
0 0.064732 0.131803 0.011480 0.017857
0 0.160395 0.119048 0.013393 0.017007
0 0.146205 0.107143 0.014987 0.020408
0 0.039222 0.093750 0.014668 0.019133
0 0.120217 0.094388 0.017219 0.021259
0 0.226403 0.092049 0.014668 0.018282
0 0.192921 0.093963 0.017857 0.022959
0 0.167570 0.092262 0.014987 0.019558
0 0.022003 0.086097 0.012755 0.017432
0 0.104592 0.086522 0.014668 0.019133
0 0.134885 0.066327 0.017857 0.024660
0 0.238520 0.060587 0.017219 0.025085
0 0.210459 0.064201 0.037628 0.039966
0 0.168367 0.055272 0.019770 0.022109
0 0.067443 0.053146 0.014349 0.021259
0 0.144930 0.051446 0.014987 0.021259
0 0.042730 0.040816 0.015944 0.022959
0 0.143335 0.028274 0.013712 0.019133
0 0.085938 0.025510 0.018176 0.019558
0 0.031091 0.021471 0.014987 0.020833
0 0.099171 0.012330 0.014031 0.017857
0 0.122768 0.010842 0.014668 0.019983
1 0.036193 0.159226 0.016263 0.011480
1 0.113202 0.132866 0.019770 0.021684
1 0.102360 0.112457 0.010842 0.015731
1 0.062341 0.110119 0.025829 0.014456
1 0.203922 0.042730 0.027105 0.015731
2 0.171078 0.201531 0.007972 0.013605
2 0.056122 0.164328 0.012117 0.011480
2 0.168367 0.055272 0.019770 0.022109
2 0.022800 0.038265 0.022640 0.020408
