0 0.209343 0.230442 0.014987 0.017857
0 0.144452 0.221088 0.017219 0.024660
0 0.217793 0.218325 0.014031 0.020833
0 0.231186 0.211947 0.017219 0.025085
0 0.077328 0.208121 0.014349 0.019983
0 0.154974 0.206420 0.014668 0.020833
0 0.053571 0.195366 0.016582 0.021684
0 0.153380 0.183248 0.012755 0.016156
0 0.095982 0.180697 0.017219 0.017857
0 0.041454 0.176658 0.014668 0.019983
0 0.109056 0.167092 0.013393 0.016156
0 0.132334 0.165816 0.015306 0.018707
0 0.211735 0.162202 0.014031 0.019133
0 0.152583 0.157951 0.014349 0.018282
0 0.095823 0.155825 0.016901 0.023384
0 0.052615 0.150085 0.012755 0.017857
0 0.178571 0.125000 0.015306 0.020408
0 0.135045 0.122024 0.013074 0.016156
0 0.098055 0.121386 0.014349 0.019133
0 0.225446 0.115221 0.014031 0.019558
0 0.042570 0.114583 0.017538 0.019133
0 0.008769 0.110544 0.013712 0.022109
0 0.062659 0.095876 0.015625 0.020833
0 0.122449 0.089923 0.012755 0.017432
0 0.211256 0.076105 0.017538 0.021259
0 0.035874 0.068665 0.013712 0.017432
0 0.184949 0.053997 0.017219 0.019558
0 0.121971 0.051871 0.018176 0.019558
0 0.167411 0.041454 0.016582 0.017432
1 0.214126 0.197917 0.027105 0.015731
1 0.068240 0.044643 0.025510 0.024660
2 0.178412 0.210034 0.020727 0.022959
2 0.033642 0.193878 0.020727 0.019558
2 0.029815 0.128189 0.020727 0.019983
2 0.166773 0.090349 0.017857 0.018282
2 0.135204 0.079507 0.018495 0.016156
2 0.237085 0.038478 0.019452 0.021684
