0 0.237085 0.231505 0.016901 0.020833
0 0.040816 0.220663 0.018495 0.017007
0 0.109694 0.215136 0.015944 0.019558
0 0.021843 0.208546 0.016901 0.021684
0 0.232781 0.205570 0.015306 0.019133
0 0.133291 0.186862 0.013393 0.016582
0 0.238999 0.182398 0.014349 0.023810
0 0.048788 0.168367 0.012755 0.019558
0 0.021205 0.164328 0.012436 0.018282
0 0.123406 0.159439 0.012755 0.017007
0 0.192443 0.157313 0.011798 0.016156
0 0.097417 0.156037 0.012436 0.017857
0 0.169324 0.153061 0.015306 0.022109
0 0.154337 0.149872 0.014031 0.019133
0 0.064573 0.147534 0.013074 0.017007
0 0.210459 0.146684 0.019770 0.024660
0 0.192761 0.139456 0.014987 0.017857
0 0.131218 0.140094 0.013712 0.019983
0 0.111448 0.135204 0.018814 0.019558
0 0.074139 0.126913 0.013074 0.018282
0 0.200893 0.123724 0.015306 0.017007
0 0.162309 0.124362 0.016582 0.019983
0 0.146205 0.111395 0.014987 0.016156
0 0.203284 0.105017 0.013712 0.018707
0 0.122290 0.101403 0.013074 0.014881
0 0.219547 0.103529 0.014349 0.020833
0 0.067283 0.101616 0.014031 0.018707
0 0.021046 0.097789 0.015944 0.017857
0 0.155772 0.094388 0.014349 0.020408
0 0.170440 0.089498 0.011798 0.017432
0 0.209821 0.088435 0.014668 0.017857
0 0.112404 0.086522 0.018814 0.024235
0 0.195631 0.078656 0.014349 0.022109
0 0.144611 0.071641 0.016901 0.025935
0 0.205676 0.052721 0.012117 0.017007
0 0.180166 0.045068 0.015306 0.019558
0 0.128029 0.043580 0.016263 0.019983
0 0.010842 0.039753 0.013393 0.015731
0 0.087851 0.035927 0.016263 0.020833
0 0.110491 0.032526 0.016901 0.019983
0 0.018814 0.024235 0.013393 0.016156
0 0.123087 0.024235 0.014031 0.019558
0 0.171078 0.022321 0.018176 0.023384
1 0.184152 0.225128 0.025191 0.022534
1 0.104114 0.170068 0.025191 0.019558
1 0.119420 0.071003 0.025829 0.016156
1 0.034598 0.048257 0.028380 0.013180
2 0.141901 0.163053 0.014668 0.018282
2 0.052615 0.138818 0.015306 0.015731
