0 0.646067 0.700000 0.108614 0.150000
0 0.125468 0.697500 0.101124 0.145000
0 0.760300 0.635000 0.127341 0.160000
0 0.157303 0.502500 0.074906 0.165000
0 0.803371 0.460000 0.078652 0.160000
0 0.616105 0.287500 0.116105 0.155000
0 0.179775 0.285000 0.097378 0.150000
0 0.623596 0.112500 0.108614 0.185000
0 0.713483 0.080000 0.101124 0.150000
1 0.074906 0.860000 0.119850 0.130000
1 0.294007 0.590000 0.138577 0.110000
1 0.372659 0.242500 0.086142 0.205000
1 0.078652 0.190000 0.067416 0.210000
1 0.767790 0.170000 0.097378 0.230000
2 0.647940 0.842500 0.142322 0.135000
2 0.702247 0.445000 0.108614 0.190000
2 0.153558 0.102500 0.104869 0.135000
