0 0.453184 0.850000 0.119850 0.170000
0 0.181648 0.837500 0.116105 0.155000
0 0.299625 0.805000 0.112360 0.170000
0 0.492509 0.695000 0.116105 0.140000
0 0.110487 0.620000 0.108614 0.130000
0 0.483146 0.520000 0.119850 0.150000
0 0.445693 0.392500 0.089888 0.125000
0 0.357678 0.300000 0.123596 0.150000
0 0.157303 0.265000 0.104869 0.130000
0 0.468165 0.152500 0.127341 0.165000
0 0.795880 0.117500 0.093633 0.135000
0 0.601124 0.117500 0.108614 0.135000
1 0.308989 0.435000 0.078652 0.210000
2 0.230337 0.527500 0.071161 0.155000
2 0.857678 0.395000 0.134831 0.130000
