0 0.174904 0.228529 0.012436 0.017432
0 0.030293 0.222151 0.011480 0.015731
0 0.013074 0.217900 0.012755 0.015731
0 0.176818 0.206633 0.011798 0.014456
0 0.202328 0.193240 0.014987 0.019133
0 0.009247 0.172619 0.015306 0.018707
0 0.160874 0.164966 0.013712 0.020408
0 0.138393 0.162415 0.015306 0.016156
0 0.088648 0.158163 0.014031 0.018707
0 0.033004 0.140519 0.016263 0.017432
0 0.088807 0.139031 0.013074 0.017857
0 0.215561 0.132015 0.014668 0.019983
0 0.078603 0.127126 0.012436 0.018707
0 0.100925 0.124362 0.011798 0.015731
0 0.120536 0.124150 0.013393 0.018707
0 0.206952 0.114583 0.014031 0.018282
0 0.220823 0.108631 0.013074 0.019133
0 0.193878 0.101828 0.012117 0.017432
0 0.179688 0.099915 0.014349 0.015306
0 0.122449 0.094600 0.013393 0.019133
0 0.039860 0.072279 0.014031 0.016156
0 0.008131 0.071003 0.015625 0.020408
0 0.155293 0.054422 0.016582 0.017857
0 0.202966 0.046769 0.018814 0.024660
0 0.039222 0.043155 0.015944 0.019133
0 0.178571 0.022959 0.014668 0.020408
0 0.090242 0.012117 0.014668 0.019983
0 0.075096 0.008716 0.013712 0.016582
1 0.104114 0.232143 0.013712 0.021259
1 0.149713 0.179422 0.018176 0.012755
1 0.079401 0.175808 0.023597 0.012330
1 0.148756 0.107143 0.022640 0.015306
