0 0.098533 0.237457 0.013393 0.019133
0 0.143495 0.231505 0.015944 0.021684
0 0.179847 0.225553 0.012117 0.014881
0 0.205676 0.226403 0.015306 0.019983
0 0.110013 0.224702 0.015306 0.018282
0 0.068399 0.219175 0.011161 0.014031
0 0.128189 0.216199 0.013393 0.016582
0 0.011958 0.209609 0.015625 0.020408
0 0.202966 0.202381 0.013712 0.018707
0 0.181601 0.203231 0.015625 0.020408
0 0.138712 0.196641 0.014668 0.017432
0 0.216837 0.187713 0.014031 0.018282
0 0.152105 0.187287 0.014668 0.019983
0 0.179369 0.163903 0.014987 0.018282
0 0.032366 0.162415 0.014987 0.018707
0 0.147481 0.161352 0.014349 0.018282
0 0.094228 0.159226 0.012436 0.016582
0 0.166135 0.158801 0.012755 0.017432
0 0.193080 0.152636 0.015625 0.021259
0 0.076371 0.149447 0.011798 0.018282
0 0.019292 0.148384 0.014987 0.021259
0 0.117188 0.142432 0.013074 0.019558
0 0.227679 0.138180 0.012755 0.018707
0 0.176339 0.135417 0.013393 0.015731
0 0.096301 0.127338 0.014031 0.017432
0 0.072545 0.127764 0.013712 0.019983
0 0.017379 0.122662 0.009885 0.018282
0 0.169165 0.121599 0.011798 0.017857
0 0.095982 0.107568 0.016582 0.018707
0 0.072226 0.104592 0.013712 0.016156
0 0.010523 0.096514 0.016582 0.022959
0 0.062181 0.089073 0.014668 0.020833
0 0.136001 0.086522 0.013074 0.017432
0 0.116231 0.081845 0.012436 0.015731
0 0.079560 0.073554 0.013712 0.017857
0 0.201690 0.070578 0.014349 0.018707
0 0.040976 0.062075 0.015625 0.019558
0 0.180166 0.059736 0.014668 0.018282
0 0.055644 0.052721 0.014987 0.022959
0 0.029496 0.035289 0.013074 0.019558
0 0.137915 0.021471 0.013074 0.015731
0 0.079560 0.022747 0.014987 0.019983
0 0.119420 0.017645 0.013712 0.016582
0 0.050223 0.013605 0.015625 0.022109
1 0.089286 0.182823 0.024872 0.015306
1 0.039541 0.135842 0.010842 0.027636
1 0.122608 0.109694 0.021365 0.009354
1 0.219866 0.068452 0.014987 0.012755
1 0.132972 0.054847 0.024872 0.011905
2 0.189732 0.239371 0.013393 0.016156
2 0.122130 0.163265 0.019133 0.021259
2 0.234375 0.020621 0.015306 0.020833
