0 0.947566 0.887500 0.089888 0.125000
0 0.305243 0.890000 0.093633 0.130000
0 0.441948 0.885000 0.089888 0.140000
0 0.859551 0.795000 0.123596 0.150000
0 0.513109 0.775000 0.089888 0.140000
0 0.657303 0.760000 0.108614 0.130000
0 0.123596 0.617500 0.119850 0.135000
0 0.267790 0.620000 0.108614 0.180000
0 0.578652 0.477500 0.108614 0.105000
0 0.292135 0.232500 0.097378 0.145000
1 0.039326 0.882500 0.056180 0.205000
1 0.573034 0.355000 0.119850 0.130000
1 0.370787 0.350000 0.097378 0.150000
1 0.071161 0.215000 0.067416 0.250000
1 0.795880 0.082500 0.138577 0.115000
2 0.254682 0.772500 0.134831 0.155000
