0 0.915730 0.855000 0.101124 0.130000
0 0.307116 0.855000 0.112360 0.160000
0 0.782772 0.807500 0.089888 0.105000
0 0.395131 0.780000 0.101124 0.140000
0 0.840824 0.597500 0.123596 0.165000
0 0.535581 0.532500 0.119850 0.155000
0 0.745318 0.447500 0.119850 0.115000
0 0.205993 0.445000 0.104869 0.150000
0 0.359551 0.370000 0.112360 0.150000
0 0.876404 0.337500 0.082397 0.175000
0 0.780899 0.325000 0.108614 0.150000
0 0.228464 0.277500 0.097378 0.135000
0 0.432584 0.152500 0.131086 0.145000
1 0.625468 0.167500 0.149813 0.155000
1 0.301498 0.175000 0.056180 0.180000
2 0.930712 0.475000 0.131086 0.160000
