0 0.181760 0.231930 0.014668 0.018282
0 0.150989 0.230017 0.013074 0.017007
0 0.224330 0.228741 0.013712 0.019558
0 0.031409 0.208546 0.013074 0.017432
0 0.124681 0.198554 0.017857 0.018707
0 0.169483 0.197917 0.014349 0.019133
0 0.154177 0.193452 0.017538 0.021259
0 0.225446 0.181760 0.013393 0.017432
0 0.171556 0.178784 0.013393 0.015731
0 0.056920 0.162628 0.014987 0.019133
0 0.211256 0.153912 0.013712 0.017857
0 0.182717 0.152423 0.013393 0.017432
0 0.168048 0.150298 0.012755 0.016582
0 0.011480 0.148172 0.012117 0.017432
0 0.154337 0.142645 0.013393 0.019133
0 0.023119 0.130952 0.013712 0.017007
0 0.097895 0.127551 0.015306 0.017857
0 0.140944 0.122874 0.012755 0.020408
0 0.204082 0.119473 0.015306 0.019558
0 0.062819 0.116497 0.014031 0.019558
0 0.114158 0.113520 0.015306 0.021259
0 0.102041 0.092900 0.016582 0.022534
0 0.152105 0.090986 0.014668 0.020408
0 0.053890 0.090136 0.014031 0.020408
0 0.128029 0.086310 0.013074 0.016156
0 0.061862 0.075468 0.015306 0.017432
0 0.038584 0.071216 0.013393 0.014031
0 0.224330 0.071641 0.015625 0.019983
0 0.146524 0.059311 0.016901 0.021684
0 0.108737 0.056973 0.012117 0.017857
0 0.211256 0.058036 0.014987 0.021684
0 0.125319 0.056760 0.014031 0.019133
0 0.080357 0.057185 0.019770 0.023384
0 0.034279 0.054422 0.012436 0.019558
0 0.052455 0.035714 0.016263 0.020408
0 0.187819 0.034014 0.014031 0.019558
0 0.092315 0.015094 0.017538 0.019983
1 0.026786 0.184524 0.020408 0.028061
1 0.027423 0.092474 0.019770 0.018282
1 0.088967 0.084396 0.008929 0.023384
1 0.021684 0.079082 0.009566 0.021259
1 0.013233 0.059736 0.015625 0.016582
1 0.231665 0.044855 0.011161 0.027636
1 0.209184 0.032738 0.009566 0.018707
1 0.077487 0.034226 0.026786 0.021684
2 0.026786 0.184524 0.020408 0.028061
2 0.149713 0.175808 0.015625 0.020833
2 0.157207 0.110544 0.012755 0.017007
