0 0.333333 0.900000 0.112360 0.170000
0 0.610487 0.742500 0.104869 0.155000
0 0.485019 0.610000 0.093633 0.140000
0 0.625468 0.522500 0.089888 0.125000
0 0.426966 0.470000 0.112360 0.150000
0 0.779026 0.377500 0.104869 0.195000
0 0.938202 0.177500 0.101124 0.135000
0 0.438202 0.162500 0.104869 0.135000
0 0.651685 0.085000 0.097378 0.150000
1 0.516854 0.715000 0.112360 0.250000
1 0.850187 0.615000 0.089888 0.150000
1 0.889513 0.525000 0.078652 0.170000
1 0.224719 0.487500 0.082397 0.195000
1 0.320225 0.475000 0.071161 0.180000
