0 0.232621 0.221514 0.013074 0.017857
0 0.103795 0.218537 0.014349 0.016156
0 0.076371 0.216412 0.014987 0.020408
0 0.046237 0.199192 0.015306 0.020833
0 0.192921 0.190689 0.015944 0.021684
0 0.114318 0.188563 0.014987 0.020833
0 0.054847 0.180060 0.017219 0.021684
0 0.182876 0.170706 0.014987 0.019133
0 0.061384 0.158376 0.013712 0.020833
0 0.076212 0.136905 0.014668 0.017857
0 0.091677 0.135417 0.013712 0.015731
0 0.226881 0.128401 0.013712 0.019558
0 0.070153 0.117985 0.014031 0.017432
0 0.092793 0.116284 0.018495 0.018282
0 0.044324 0.110332 0.012117 0.015731
0 0.179050 0.089923 0.013712 0.019133
0 0.042092 0.087372 0.022321 0.026786
0 0.138712 0.079719 0.017219 0.020833
0 0.099171 0.076105 0.013393 0.017007
0 0.237564 0.069515 0.017219 0.016582
0 0.209662 0.070366 0.014987 0.018282
0 0.014828 0.075893 0.016263 0.035289
0 0.036511 0.060374 0.016263 0.017857
0 0.233578 0.051871 0.015625 0.019558
0 0.022640 0.050170 0.014668 0.019558
0 0.084184 0.048044 0.010204 0.016156
0 0.052136 0.041029 0.013074 0.016582
0 0.172672 0.040179 0.015625 0.020833
0 0.142538 0.034864 0.014668 0.020408
0 0.193718 0.017857 0.014349 0.018707
0 0.081952 0.017219 0.012117 0.020833
0 0.046078 0.014243 0.015625 0.019133
1 0.160395 0.157313 0.019133 0.018707
1 0.075096 0.099915 0.018176 0.014456
1 0.102200 0.104804 0.032207 0.028486
1 0.098214 0.031888 0.021046 0.016156
2 0.178731 0.220876 0.014987 0.016582
2 0.123884 0.157526 0.013712 0.026786
2 0.159120 0.123937 0.023597 0.019983
