0 0.133291 0.229804 0.010842 0.014881
0 0.044962 0.230655 0.013393 0.019133
0 0.224011 0.230017 0.016901 0.022109
0 0.028699 0.224065 0.014031 0.018707
0 0.113680 0.220238 0.015625 0.018707
0 0.206633 0.213435 0.013393 0.022109
0 0.144770 0.211310 0.015944 0.018707
0 0.055485 0.199192 0.014031 0.018282
0 0.220823 0.199192 0.014349 0.019133
0 0.039381 0.196216 0.017538 0.019133
0 0.153858 0.194940 0.016263 0.017432
0 0.105708 0.192815 0.014987 0.017432
0 0.073342 0.190051 0.015306 0.017857
0 0.065370 0.174320 0.011480 0.021259
0 0.104751 0.171981 0.014349 0.019133
0 0.025032 0.171556 0.014349 0.019133
0 0.135045 0.167092 0.013712 0.017857
0 0.165657 0.162202 0.014349 0.020833
0 0.016103 0.152423 0.014349 0.019133
0 0.187181 0.151148 0.016582 0.019983
0 0.107462 0.148810 0.012755 0.017857
0 0.093431 0.136267 0.014031 0.018282
0 0.065848 0.134141 0.015625 0.021684
0 0.212054 0.130102 0.014031 0.018707
0 0.227519 0.124150 0.013712 0.019558
0 0.195312 0.123299 0.013712 0.018707
0 0.043367 0.118835 0.015306 0.019133
0 0.172991 0.116497 0.013074 0.018707
0 0.028699 0.114158 0.014668 0.021684
0 0.158801 0.111820 0.015944 0.018707
0 0.141263 0.100553 0.014668 0.019133
0 0.125638 0.099065 0.014668 0.017007
0 0.022800 0.092900 0.012436 0.019133
0 0.075096 0.091837 0.017538 0.020408
0 0.165816 0.084184 0.015944 0.019558
0 0.044962 0.078444 0.014668 0.018282
0 0.026148 0.072491 0.015306 0.019133
0 0.222258 0.063563 0.015944 0.019983
0 0.124362 0.060374 0.015306 0.021259
0 0.038265 0.054209 0.014031 0.020833
0 0.083386 0.044855 0.013712 0.022534
0 0.017379 0.039328 0.014349 0.019133
0 0.125638 0.034439 0.013393 0.022109
0 0.072545 0.032313 0.014349 0.018707
0 0.097258 0.026148 0.015306 0.019133
0 0.158323 0.020408 0.014987 0.023810
0 0.114636 0.013818 0.015625 0.019983
1 0.070472 0.205570 0.012755 0.017432
1 0.140306 0.150510 0.021684 0.011905
1 0.166295 0.136267 0.020727 0.010629
1 0.117985 0.119473 0.017219 0.009354
1 0.224809 0.104804 0.014668 0.015731
2 0.053890 0.105017 0.017857 0.017857
