0 0.042411 0.221726 0.013393 0.017432
0 0.138074 0.179209 0.016582 0.024235
0 0.106027 0.170918 0.011161 0.015306
0 0.091837 0.169855 0.017219 0.037840
0 0.021524 0.159226 0.016901 0.020833
0 0.039860 0.146046 0.015944 0.020833
0 0.134726 0.143920 0.016263 0.020833
0 0.117666 0.140519 0.012755 0.015731
0 0.126594 0.123937 0.015944 0.019983
0 0.108897 0.120323 0.013712 0.017857
0 0.200574 0.107143 0.012755 0.019558
0 0.217634 0.103529 0.016263 0.019133
0 0.187659 0.098002 0.013712 0.019983
0 0.093272 0.090349 0.013712 0.017432
0 0.165338 0.090561 0.013712 0.020408
0 0.108099 0.084821 0.014668 0.020833
0 0.072545 0.083546 0.013074 0.018282
0 0.221779 0.068665 0.013712 0.019133
0 0.015466 0.064838 0.016263 0.020833
0 0.098852 0.062287 0.013393 0.018282
0 0.156250 0.058673 0.014668 0.020408
0 0.211416 0.058248 0.013393 0.020408
0 0.235969 0.058461 0.015944 0.023384
0 0.112564 0.036352 0.014668 0.018282
0 0.209343 0.034439 0.017538 0.022959
0 0.106824 0.017007 0.017219 0.019558
0 0.082111 0.012330 0.014349 0.018707
1 0.140944 0.203656 0.017857 0.014456
1 0.051339 0.183886 0.015306 0.021684
1 0.189094 0.168793 0.022959 0.010204
1 0.148756 0.116922 0.016901 0.011905
1 0.149713 0.094600 0.016263 0.019133
1 0.013871 0.045706 0.016901 0.018282
