0 0.203603 0.239796 0.013712 0.015306
0 0.192124 0.225553 0.016901 0.019983
0 0.158801 0.218537 0.016582 0.021259
0 0.232302 0.210884 0.014987 0.018707
0 0.093272 0.205995 0.014349 0.019983
0 0.173151 0.200893 0.015306 0.016582
0 0.107302 0.196641 0.014349 0.016582
0 0.156250 0.193240 0.013393 0.016582
0 0.083068 0.189201 0.013712 0.017857
0 0.059311 0.185374 0.016582 0.019558
0 0.177136 0.177934 0.011161 0.016582
0 0.020568 0.177934 0.016901 0.022534
0 0.160395 0.171556 0.014031 0.019133
0 0.190848 0.157526 0.015625 0.020833
0 0.166135 0.151148 0.013393 0.019133
0 0.198501 0.142857 0.016263 0.016156
0 0.189254 0.127338 0.013712 0.019983
0 0.197864 0.111182 0.012436 0.014031
0 0.146524 0.108206 0.016263 0.018282
0 0.074777 0.104167 0.014349 0.018707
0 0.129624 0.101403 0.011161 0.014881
0 0.018654 0.102891 0.014349 0.018707
0 0.056920 0.102041 0.014987 0.021259
0 0.226244 0.093963 0.014349 0.018707
0 0.204401 0.093963 0.015306 0.018707
0 0.183833 0.093325 0.013712 0.019133
0 0.062181 0.083971 0.012117 0.014031
0 0.097895 0.081845 0.010842 0.018282
0 0.029496 0.079507 0.014349 0.018707
0 0.136161 0.072279 0.015306 0.017857
0 0.195472 0.069728 0.014031 0.017857
0 0.175861 0.067815 0.012436 0.015731
0 0.055485 0.068665 0.015944 0.017432
0 0.074936 0.050595 0.014031 0.020408
0 0.160236 0.040604 0.014987 0.021684
0 0.023278 0.039116 0.014668 0.018707
0 0.096779 0.028486 0.017538 0.016156
0 0.154656 0.020621 0.015306 0.021684
0 0.053890 0.015731 0.015306 0.019558
0 0.034917 0.012543 0.015625 0.019133
1 0.221939 0.238308 0.021684 0.019133
1 0.072226 0.208971 0.016263 0.013180
1 0.132972 0.144983 0.014668 0.021259
1 0.120695 0.124150 0.015625 0.016156
1 0.082749 0.119260 0.022640 0.015731
