0 0.032844 0.220451 0.016582 0.019133
0 0.237564 0.221088 0.016582 0.023810
0 0.130580 0.215774 0.012436 0.023384
0 0.086575 0.181335 0.015625 0.015731
0 0.103476 0.173682 0.015625 0.020833
0 0.157047 0.165391 0.015625 0.020408
0 0.049745 0.162840 0.015306 0.021259
0 0.130261 0.160927 0.013712 0.019133
0 0.020727 0.161139 0.015944 0.019558
0 0.220344 0.144770 0.014668 0.021684
0 0.150989 0.136267 0.013712 0.019133
0 0.037149 0.131590 0.016901 0.021684
0 0.011001 0.113946 0.017538 0.020408
0 0.055644 0.102679 0.014987 0.019983
0 0.210300 0.096726 0.012436 0.025085
0 0.135523 0.091837 0.014668 0.018707
0 0.020089 0.091624 0.015944 0.020833
0 0.085300 0.081207 0.013712 0.021259
0 0.197385 0.072491 0.013393 0.017432
0 0.058355 0.071854 0.016582 0.023810
0 0.226244 0.061862 0.012436 0.016582
0 0.090880 0.061437 0.015944 0.015731
0 0.053412 0.044005 0.014349 0.022534
0 0.038903 0.038903 0.014031 0.022534
0 0.110810 0.034439 0.016901 0.014456
1 0.212851 0.213223 0.016901 0.017432
1 0.086575 0.181335 0.015625 0.015731
1 0.093112 0.123299 0.009566 0.024660
1 0.150510 0.111182 0.019133 0.015731
1 0.236129 0.097151 0.013712 0.024235
1 0.210300 0.096726 0.012436 0.025085
1 0.197545 0.052083 0.023278 0.018282
1 0.024075 0.036990 0.016263 0.014456
1 0.110810 0.034439 0.016901 0.014456
2 0.130580 0.215774 0.012436 0.023384
2 0.175542 0.143282 0.020089 0.026361
2 0.172353 0.116497 0.017538 0.023810
