0 0.112723 0.231718 0.013712 0.017857
0 0.069515 0.224490 0.014668 0.019558
0 0.084024 0.216837 0.014349 0.020408
0 0.188457 0.218537 0.018495 0.024660
0 0.224649 0.212585 0.018176 0.023810
0 0.029177 0.205782 0.013074 0.019558
0 0.159120 0.198342 0.015306 0.019983
0 0.096460 0.185162 0.016263 0.019133
0 0.225446 0.185162 0.015306 0.020833
0 0.189254 0.178997 0.016263 0.022109
0 0.150989 0.167730 0.012436 0.020833
0 0.098055 0.164541 0.014349 0.019558
0 0.063616 0.163265 0.013712 0.018707
0 0.132494 0.163478 0.018814 0.023384
0 0.165816 0.148172 0.015944 0.020833
0 0.068080 0.143282 0.012436 0.021259
0 0.181601 0.119473 0.016901 0.022109
0 0.148756 0.115434 0.018814 0.022534
0 0.092793 0.110119 0.017857 0.021259
0 0.018973 0.103529 0.014987 0.019133
0 0.137117 0.099065 0.014031 0.020408
0 0.118782 0.087798 0.014987 0.019133
0 0.069037 0.082908 0.015625 0.019558
0 0.143335 0.065901 0.014349 0.020408
0 0.166135 0.063776 0.015306 0.018707
0 0.149235 0.045281 0.015944 0.020833
0 0.132812 0.022109 0.018814 0.022109
0 0.027902 0.021896 0.016901 0.023384
1 0.075574 0.115434 0.016582 0.014031
1 0.047991 0.087372 0.018814 0.019983
1 0.088170 0.030612 0.012436 0.022109
2 0.047832 0.105442 0.022959 0.022959
2 0.066486 0.063350 0.018176 0.019558
