0 0.102360 0.230017 0.015944 0.022959
0 0.188935 0.231080 0.016901 0.028486
0 0.065689 0.214711 0.015306 0.022109
0 0.166614 0.198767 0.015625 0.017432
0 0.186862 0.182398 0.015306 0.022959
0 0.109216 0.178571 0.016901 0.020408
0 0.168208 0.169218 0.016901 0.020408
0 0.084503 0.163265 0.014668 0.021259
0 0.193718 0.149660 0.015625 0.025510
0 0.121811 0.120961 0.014668 0.017432
0 0.051977 0.117560 0.017219 0.021684
0 0.144611 0.105655 0.018176 0.022534
0 0.069037 0.100128 0.016263 0.020833
0 0.087054 0.074405 0.015944 0.019558
0 0.101244 0.063350 0.014349 0.020408
0 0.055485 0.015944 0.015306 0.021684
1 0.134407 0.204719 0.019452 0.014881
1 0.139190 0.188350 0.020727 0.012755
2 0.098214 0.096939 0.014031 0.012755
