0 0.100925 0.236182 0.014987 0.020833
0 0.135682 0.235332 0.018814 0.023384
0 0.168846 0.219600 0.015625 0.021684
0 0.070950 0.214711 0.013074 0.021259
0 0.184949 0.191752 0.017857 0.024660
0 0.152105 0.187287 0.018495 0.023384
0 0.095823 0.181760 0.017538 0.021684
0 0.022481 0.174957 0.014987 0.019983
0 0.140147 0.170281 0.014349 0.020833
0 0.121811 0.159651 0.015306 0.019133
0 0.146524 0.137543 0.013712 0.020833
0 0.169165 0.135417 0.014987 0.019983
0 0.152264 0.116922 0.015625 0.020408
0 0.108897 0.101828 0.013712 0.019983
0 0.011639 0.101190 0.019452 0.026361
0 0.032844 0.093537 0.016582 0.020408
0 0.136001 0.093537 0.018176 0.022109
0 0.214445 0.065264 0.017538 0.024235
0 0.088489 0.040179 0.019452 0.021684
0 0.115115 0.031037 0.015306 0.019558
0 0.183355 0.023597 0.014668 0.019983
0 0.077487 0.019770 0.018495 0.025085
1 0.078284 0.186650 0.016263 0.014456
1 0.051020 0.158801 0.018495 0.019983
1 0.091677 0.101828 0.010523 0.019983
1 0.202168 0.021259 0.021684 0.012755
2 0.050702 0.177296 0.023597 0.022959
2 0.071269 0.135204 0.021365 0.018707
2 0.116709 0.113733 0.011480 0.015731
2 0.011639 0.101190 0.019452 0.026361
