0 0.013871 0.240859 0.015625 0.016582
0 0.128189 0.232781 0.015306 0.020833
0 0.207908 0.217474 0.017219 0.024235
0 0.068718 0.205357 0.016901 0.022109
0 0.050064 0.200043 0.015306 0.019133
0 0.081154 0.190901 0.014987 0.019558
0 0.157047 0.183886 0.014987 0.019133
0 0.137117 0.182823 0.012755 0.018707
0 0.232940 0.180697 0.014987 0.017857
0 0.069515 0.176446 0.016582 0.022959
0 0.113520 0.167092 0.015306 0.020408
0 0.097736 0.157738 0.015625 0.018707
0 0.198342 0.144558 0.015306 0.021259
0 0.078922 0.129252 0.014349 0.018707
0 0.195791 0.121811 0.015944 0.022534
0 0.149075 0.114583 0.018814 0.020833
0 0.049904 0.113095 0.016263 0.022959
0 0.199139 0.099702 0.015625 0.019133
0 0.061384 0.076743 0.016263 0.021684
0 0.225606 0.074830 0.016901 0.020408
0 0.097895 0.072704 0.014668 0.020408
0 0.015625 0.055910 0.015944 0.020833
0 0.203763 0.037415 0.015306 0.017007
0 0.056760 0.026786 0.015306 0.021259
0 0.170121 0.024022 0.016901 0.021684
1 0.126435 0.150510 0.015625 0.013605
1 0.047832 0.141369 0.019770 0.012330
1 0.013712 0.078656 0.015306 0.015306
2 0.062978 0.100128 0.014987 0.020833
