0 0.094547 0.236820 0.014349 0.020408
0 0.075733 0.230017 0.014349 0.018707
0 0.120217 0.216837 0.019133 0.022109
0 0.183673 0.214498 0.014668 0.020833
0 0.139349 0.205145 0.015944 0.019983
0 0.062500 0.204932 0.014031 0.019558
0 0.108737 0.201531 0.016582 0.022109
0 0.076690 0.196429 0.014987 0.019558
0 0.141263 0.183248 0.015944 0.023810
0 0.120695 0.177721 0.013712 0.018707
0 0.066645 0.179209 0.016582 0.025085
0 0.159917 0.176020 0.016263 0.022109
0 0.075893 0.156250 0.014668 0.017432
0 0.226562 0.146471 0.015625 0.021684
0 0.061862 0.143495 0.017857 0.025085
0 0.158004 0.137755 0.016263 0.022109
0 0.031409 0.134141 0.015625 0.019983
0 0.049904 0.127551 0.015625 0.020408
0 0.102360 0.117985 0.014031 0.019133
0 0.174904 0.106930 0.014987 0.019983
0 0.152264 0.103529 0.014349 0.019133
0 0.064094 0.094600 0.014031 0.018282
0 0.040019 0.094388 0.013712 0.019558
0 0.027583 0.082696 0.014349 0.019133
0 0.231824 0.079507 0.015306 0.018707
0 0.104751 0.078444 0.014987 0.018282
0 0.072704 0.075680 0.015306 0.018707
0 0.105389 0.057611 0.016263 0.020833
0 0.217793 0.057611 0.019770 0.021684
0 0.158323 0.055697 0.013712 0.018707
0 0.185906 0.037415 0.017219 0.021259
0 0.117825 0.034014 0.014349 0.020408
0 0.041932 0.026786 0.015625 0.019558
0 0.211097 0.022959 0.017219 0.027211
0 0.081633 0.016369 0.014031 0.021684
1 0.095185 0.194090 0.017538 0.016582
1 0.149554 0.162415 0.019770 0.014456
1 0.209503 0.088861 0.012755 0.020408
1 0.149394 0.076956 0.018814 0.019558
1 0.194356 0.068665 0.017538 0.021684
1 0.133769 0.051233 0.014987 0.025935
