0 0.013871 0.231505 0.017538 0.020833
0 0.043048 0.225128 0.015306 0.020833
0 0.221460 0.211097 0.018814 0.023384
0 0.051818 0.206420 0.018176 0.024235
0 0.058355 0.183248 0.016582 0.022959
0 0.068080 0.163053 0.014349 0.020833
0 0.144452 0.161139 0.017857 0.024660
0 0.037309 0.150723 0.015306 0.026786
0 0.104273 0.141582 0.015306 0.017857
0 0.103635 0.121811 0.014668 0.017432
0 0.020249 0.120111 0.016263 0.022534
0 0.059311 0.092687 0.014668 0.019558
0 0.085938 0.091624 0.015625 0.019983
0 0.125000 0.079507 0.015944 0.018707
0 0.064094 0.068027 0.015306 0.020408
0 0.082908 0.060587 0.014668 0.018282
0 0.116390 0.061437 0.015306 0.024235
0 0.205835 0.053784 0.015625 0.021684
0 0.081633 0.041029 0.012755 0.018282
0 0.098693 0.030825 0.016263 0.021684
0 0.114318 0.025510 0.014349 0.020408
0 0.068080 0.020833 0.014349 0.020408
1 0.188457 0.155825 0.021046 0.013180
1 0.222736 0.154337 0.011798 0.028912
1 0.052934 0.139456 0.015944 0.017857
1 0.073182 0.127338 0.013074 0.025085
1 0.116071 0.100765 0.022959 0.022109
1 0.196747 0.076743 0.019133 0.014881
1 0.016741 0.078231 0.013712 0.019558
1 0.225606 0.042092 0.013074 0.025510
1 0.127710 0.032738 0.014987 0.020408
2 0.173788 0.049107 0.017857 0.021684
2 0.205676 0.030612 0.021046 0.022959
