0 0.013552 0.232355 0.016901 0.020833
0 0.204560 0.227466 0.012436 0.020408
0 0.022321 0.214498 0.014668 0.020833
0 0.144930 0.194090 0.014987 0.020833
0 0.008291 0.192389 0.015944 0.019983
0 0.117985 0.179634 0.012755 0.019983
0 0.199139 0.170493 0.018176 0.022959
0 0.108897 0.162628 0.013712 0.019133
0 0.172672 0.161565 0.013712 0.017857
0 0.039860 0.159226 0.014031 0.019983
0 0.089286 0.146471 0.016582 0.021684
0 0.200415 0.144558 0.016263 0.020408
0 0.223533 0.146684 0.015306 0.026361
0 0.016263 0.134779 0.014668 0.020408
0 0.075893 0.126276 0.013393 0.018707
0 0.129624 0.120323 0.015625 0.019558
0 0.072864 0.096726 0.016901 0.019133
0 0.114477 0.080357 0.012755 0.020408
0 0.059630 0.080145 0.019133 0.020833
0 0.192921 0.074192 0.014668 0.021684
0 0.105070 0.056548 0.013712 0.014456
0 0.183833 0.050595 0.015625 0.019558
0 0.236288 0.042517 0.017857 0.017857
0 0.061384 0.038265 0.015625 0.019558
0 0.106027 0.029974 0.013712 0.019983
0 0.043208 0.015306 0.013712 0.019558
1 0.065370 0.180060 0.015306 0.025935
1 0.172672 0.139031 0.021365 0.022109
1 0.058514 0.114158 0.020727 0.016582
1 0.021843 0.109694 0.025829 0.019558
1 0.094388 0.097364 0.018495 0.012755
1 0.191805 0.096514 0.019452 0.017007
1 0.209503 0.091624 0.021046 0.016582
1 0.225925 0.028912 0.017538 0.012755
1 0.078284 0.023810 0.020727 0.018707
2 0.033323 0.176020 0.013712 0.014456
