0 0.055485 0.226616 0.015306 0.019558
0 0.099649 0.217900 0.013712 0.019133
0 0.037149 0.203444 0.014349 0.019133
0 0.223533 0.198767 0.012755 0.018282
0 0.190529 0.195366 0.016901 0.022534
0 0.095823 0.187925 0.015625 0.017857
0 0.132494 0.179422 0.013712 0.020408
0 0.012117 0.174107 0.019770 0.021684
0 0.175542 0.163053 0.016263 0.020833
0 0.236129 0.162628 0.016263 0.021684
0 0.144930 0.160927 0.013074 0.018282
0 0.163425 0.145621 0.018814 0.025085
0 0.112564 0.138393 0.014668 0.018282
0 0.009407 0.133929 0.014987 0.019558
0 0.238042 0.129252 0.013712 0.017857
0 0.216837 0.127338 0.015306 0.020833
0 0.189732 0.125213 0.014031 0.025085
0 0.049745 0.124362 0.018495 0.023384
0 0.095663 0.119260 0.012755 0.018282
0 0.235013 0.109694 0.015944 0.019558
0 0.093909 0.098639 0.014987 0.019558
0 0.134088 0.091412 0.014349 0.019558
0 0.156091 0.090136 0.013712 0.022109
0 0.123087 0.076318 0.017857 0.024235
0 0.016741 0.067177 0.017538 0.021259
0 0.154656 0.062500 0.015944 0.019558
0 0.192602 0.052296 0.015306 0.018707
0 0.115434 0.051871 0.017219 0.022959
0 0.216837 0.050170 0.017857 0.020408
0 0.130261 0.043367 0.013712 0.017857
0 0.173948 0.041879 0.015625 0.019983
0 0.109534 0.022747 0.014987 0.026786
1 0.230867 0.231718 0.018495 0.015306
1 0.219547 0.216837 0.018176 0.015306
1 0.071747 0.211735 0.020408 0.018707
1 0.080995 0.159439 0.013393 0.024660
1 0.198023 0.145621 0.028061 0.014031
1 0.070472 0.096301 0.015944 0.015731
2 0.209024 0.186437 0.018176 0.018282
2 0.229911 0.183036 0.016582 0.021684
2 0.040019 0.089498 0.018814 0.027636
2 0.231983 0.087585 0.017538 0.028061
