0 0.149075 0.215349 0.014987 0.019983
0 0.103476 0.203869 0.016263 0.025085
0 0.139031 0.200893 0.015306 0.019983
0 0.180325 0.200255 0.015625 0.019558
0 0.219388 0.184949 0.015944 0.021259
0 0.194356 0.174107 0.013712 0.020833
0 0.052774 0.164541 0.015625 0.022109
0 0.240115 0.152849 0.014668 0.019983
0 0.044962 0.147321 0.014668 0.022534
0 0.172832 0.125850 0.022959 0.011905
0 0.111767 0.131165 0.017538 0.022534
0 0.083386 0.124362 0.015625 0.018282
0 0.219707 0.119048 0.014668 0.022109
0 0.049426 0.105442 0.014668 0.019558
0 0.176180 0.099065 0.015625 0.021259
0 0.033482 0.083121 0.015944 0.019983
0 0.136161 0.084396 0.017857 0.025935
0 0.017219 0.073129 0.017857 0.019558
0 0.045281 0.068240 0.017219 0.018282
0 0.130899 0.056335 0.014349 0.022534
0 0.206154 0.052721 0.017538 0.024660
0 0.053890 0.045706 0.017219 0.020833
0 0.137596 0.023597 0.016263 0.025085
1 0.064254 0.197491 0.016263 0.020833
1 0.127870 0.173257 0.015944 0.017432
1 0.172832 0.125850 0.022959 0.011905
1 0.147003 0.047832 0.019133 0.013180
1 0.099171 0.028699 0.013393 0.019133
2 0.180804 0.162840 0.015944 0.022959
2 0.150351 0.155400 0.019452 0.027636
2 0.194515 0.130315 0.018495 0.031037
2 0.231027 0.129252 0.020727 0.030612
