0 0.099171 0.228741 0.016582 0.022109
0 0.181920 0.215136 0.014987 0.022109
0 0.088807 0.182611 0.014987 0.019983
0 0.030293 0.181760 0.016582 0.022534
0 0.045121 0.162840 0.015625 0.019558
0 0.202168 0.151361 0.013393 0.017857
0 0.173629 0.110332 0.013712 0.021684
0 0.144292 0.099702 0.018176 0.015731
0 0.194675 0.077381 0.016263 0.022959
0 0.051339 0.073129 0.014668 0.021259
0 0.161511 0.068878 0.016263 0.018707
0 0.199777 0.049107 0.015625 0.021684
0 0.042251 0.045493 0.016901 0.020408
0 0.168367 0.041029 0.017219 0.021684
0 0.228157 0.023172 0.018176 0.025085
1 0.136639 0.185374 0.016263 0.014456
1 0.061065 0.186437 0.019452 0.017432
1 0.150670 0.171981 0.020089 0.022534
1 0.108737 0.121599 0.017219 0.016156
1 0.108259 0.068878 0.020089 0.016156
