0 0.106027 0.213861 0.014987 0.024660
0 0.165816 0.196216 0.016582 0.020833
0 0.145886 0.193027 0.016263 0.021259
0 0.216996 0.186650 0.014987 0.018707
0 0.113680 0.180272 0.016901 0.022109
0 0.206952 0.167942 0.017219 0.025510
0 0.074298 0.158376 0.014031 0.019133
0 0.170759 0.143070 0.016263 0.021684
0 0.095663 0.134141 0.016582 0.019133
0 0.200255 0.126701 0.016582 0.020408
0 0.235332 0.114371 0.014668 0.022959
0 0.031888 0.108206 0.016582 0.017432
0 0.169643 0.104167 0.015944 0.021259
0 0.122449 0.098639 0.019133 0.027211
0 0.031091 0.075255 0.016263 0.020408
0 0.101722 0.063350 0.012755 0.020408
0 0.129305 0.057185 0.017538 0.021684
0 0.182557 0.056973 0.016263 0.022109
0 0.079401 0.055060 0.015306 0.023384
0 0.213648 0.043793 0.016582 0.020408
0 0.122768 0.035502 0.013393 0.020833
0 0.059790 0.026998 0.015625 0.021684
1 0.101084 0.157526 0.026148 0.009779
1 0.038265 0.058673 0.024235 0.013605
2 0.081792 0.182823 0.015625 0.019558
2 0.168846 0.122024 0.016263 0.017857
