0 0.209821 0.231293 0.016582 0.022959
0 0.229911 0.218325 0.015944 0.020833
0 0.016103 0.203231 0.015625 0.020408
0 0.213807 0.177083 0.012436 0.014881
0 0.113520 0.179209 0.015306 0.020833
0 0.074777 0.167942 0.015625 0.016156
0 0.115912 0.158376 0.013712 0.018282
0 0.059949 0.142857 0.015306 0.018707
0 0.228316 0.133716 0.014668 0.021684
0 0.196747 0.127338 0.014668 0.019133
0 0.138393 0.125425 0.013393 0.019558
0 0.152583 0.121599 0.014349 0.018707
0 0.209662 0.117347 0.015625 0.020408
0 0.077806 0.114371 0.019770 0.023810
0 0.226722 0.110757 0.015944 0.021684
0 0.110013 0.103529 0.014668 0.019133
0 0.132494 0.100340 0.013074 0.016156
0 0.164860 0.086097 0.013393 0.017432
0 0.193240 0.086097 0.014668 0.019133
0 0.075415 0.071641 0.018176 0.019983
0 0.128348 0.049532 0.016263 0.021684
0 0.085140 0.046556 0.014031 0.024235
0 0.179050 0.041241 0.014349 0.019558
0 0.111926 0.042517 0.015306 0.022109
0 0.030134 0.015519 0.016263 0.021684
1 0.039062 0.176871 0.026467 0.027211
1 0.023438 0.107568 0.014349 0.020408
1 0.175064 0.097151 0.020408 0.027636
1 0.227360 0.027211 0.021046 0.016156
2 0.176339 0.134566 0.013393 0.014881
2 0.054209 0.114371 0.014668 0.017007
