1 0.35156200 0.26796900 0.08750000 0.06718700
1 0.44687500 0.15937500 0.09687500 0.07812500
1 0.67656300 0.53281300 0.10000000 0.06250000
1 0.24921900 0.45859400 0.06718700 0.09531300
1 0.65312500 0.66562500 0.09687500 0.06562500
1 0.45156300 0.38359400 0.10000000 0.08906300
1 0.47500000 0.63203100 0.10937500 0.07031200
1 0.78437500 0.28593800 0.07187500 0.11250000
1 0.59531300 0.41953100 0.09687500 0.06093800
1 0.33281300 0.50468800 0.06875000 0.08437500
1 0.57968800 0.25546900 0.07500000 0.07968800
1 0.29296900 0.63750000 0.07656300 0.12500000
