0 0.04375000 0.23671900 0.06250000 0.06406300
0 0.90703100 0.73203100 0.07031200 0.06406300
0 0.60390600 0.25078100 0.06406300 0.05781300
0 0.90156300 0.44843800 0.05625000 0.06250000
1 0.70078100 0.92187500 0.10468800 0.09062500
0 0.44453100 0.07578100 0.06718700 0.06406300
1 0.94375000 0.35000000 0.09687500 0.06875000
0 0.40078100 0.83281300 0.06093800 0.05937500
0 0.30859400 0.20468800 0.07656300 0.07812500
1 0.22656200 0.13437500 0.14062500 0.05937500
0 0.05703100 0.55390600 0.06718700 0.07031200
