0 0.42421900 0.34296900 0.06406300 0.06093800
1 0.24062500 0.32343800 0.08750000 0.05625000
0 0.09843800 0.46328100 0.06250000 0.06406300
0 0.90625000 0.89609400 0.06562500 0.06406300
1 0.48828100 0.38906300 0.08281300 0.10312500
1 0.89921900 0.52890600 0.07031200 0.07656300
1 0.63750000 0.67031300 0.07812500 0.08750000
0 0.73671900 0.46953100 0.06406300 0.06093800
1 0.77109400 0.86562500 0.08593800 0.05937500
1 0.16328100 0.95156300 0.06093800 0.09062500
1 0.05312500 0.09375000 0.07187500 0.07812500
