1 0.05468800 0.81718800 0.07500000 0.10000000
1 0.23906300 0.62578100 0.08437500 0.08593800
1 0.10078100 0.26875000 0.10156200 0.08125000
1 0.91953100 0.39765600 0.10156200 0.05781300
1 0.26875000 0.15703100 0.10000000 0.08593800
1 0.63671900 0.76562500 0.06718700 0.14687500
1 0.42500000 0.09609400 0.07812500 0.10156200
1 0.94375000 0.76640600 0.09375000 0.08593800
1 0.06796900 0.53046900 0.09531300 0.08593800
1 0.74062500 0.81796900 0.10000000 0.12343800
1 0.89765600 0.70000000 0.10468800 0.07187500
1 0.37734400 0.71250000 0.11718800 0.06875000
1 0.09531300 0.72734400 0.06250000 0.16093800
1 0.31328100 0.61953100 0.07656300 0.08281300
1 0.25781200 0.76093800 0.06875000 0.09375000
1 0.47187500 0.37734400 0.17187500 0.09843800
1 0.03750000 0.40859400 0.05937500 0.10468800
