1 0.560174 0.502652 0.036681 0.056730
2 0.504654 0.429938 0.124753 0.202790
2 0.785741 0.350373 0.149493 0.355624
2 0.924067 0.198917 0.151866 0.397834
1 0.399096 0.101083 0.042969 0.076389
1 0.426223 0.080615 0.042969 0.076389
1 0.418825 0.139095 0.042969 0.076389
1 0.443485 0.275059 0.042969 0.076389
1 0.431155 0.188802 0.042969 0.076389
1 0.415947 0.545527 0.040567 0.073684
2 0.262977 0.262085 0.148438 0.263889
2 0.276705 0.530583 0.148438 0.263889
2 0.329901 0.425319 0.148438 0.263889
1 0.483054 0.278104 0.027928 0.049657
1 0.511369 0.300224 0.031532 0.057666
1 0.169026 0.735769 0.038739 0.075286
1 0.057057 0.923413 0.045045 0.078490
1 0.937366 0.544313 0.042969 0.076389
1 0.959674 0.512276 0.042969 0.076389
