0 0.969800 0.029953 0.024766 0.036696
0 0.277769 0.212582 0.036017 0.061689
0 0.861899 0.753280 0.018126 0.034519
0 0.609019 0.638182 0.021481 0.032173
0 0.196465 0.123013 0.021578 0.036842
0 0.390053 0.878861 0.022441 0.036842
0 0.455816 0.131785 0.022441 0.033772
0 0.223592 0.032369 0.018126 0.036842
0 0.108108 0.266662 0.024324 0.048055
0 0.153153 0.395571 0.023423 0.049657
0 0.307164 0.781536 0.029730 0.043249
0 0.308022 0.916548 0.020721 0.044851
0 0.565423 0.548889 0.026126 0.048055
0 0.454311 0.854000 0.021622 0.043249
0 0.817246 0.929515 0.025225 0.040046
0 0.657229 0.126311 0.033333 0.060870
0 0.012870 0.530583 0.020721 0.041648
