0 0.268868 0.060006 0.028533 0.052365
0 0.393453 0.144703 0.020931 0.039405
0 0.530079 0.318786 0.028262 0.054487
0 0.700323 0.904314 0.026802 0.038533
0 0.183175 0.050900 0.026650 0.050280
0 0.263234 0.120814 0.026489 0.043379
0 0.465269 0.834270 0.019852 0.035307
0 0.398274 0.858393 0.025894 0.046053
0 0.572955 0.529445 0.021578 0.042983
0 0.662806 0.104953 0.030631 0.060870
0 0.259116 0.740346 0.027928 0.049657
0 0.160446 0.374213 0.022523 0.046453
0 0.039468 0.162924 0.024324 0.044851
0 0.076362 0.367348 0.031532 0.044851
0 0.018876 0.511513 0.015315 0.040046
0 0.032604 0.515327 0.015315 0.044851
