1 0.851755 0.524599 0.046178 0.078289
1 0.971135 0.462570 0.038716 0.071382
1 0.867614 0.680220 0.043157 0.082895
1 0.911689 0.658696 0.040448 0.084430
1 0.821134 0.336679 0.044883 0.064474
1 0.927216 0.974630 0.046609 0.050739
1 0.983148 0.878861 0.033703 0.052193
1 0.714755 0.067457 0.042969 0.076389
1 0.700781 0.118627 0.042969 0.076389
1 0.376079 0.949036 0.042969 0.076389
1 0.369503 0.777983 0.042969 0.076389
1 0.435265 0.753130 0.042969 0.076389
1 0.399096 0.861317 0.042969 0.076389
0 0.803089 0.144618 0.033333 0.051259
1 0.271128 0.589316 0.047748 0.084897
1 0.399399 0.803657 0.042969 0.076389
1 0.884599 0.346753 0.038739 0.056064
1 0.905620 0.305564 0.032432 0.049657
