0 0.929791 0.476218 0.025894 0.052193
0 0.663379 0.144942 0.031936 0.055263
0 0.729141 0.260440 0.031936 0.049123
0 0.745993 0.182954 0.034525 0.049123
0 0.351567 0.146735 0.034525 0.054854
0 0.394148 0.504678 0.035824 0.060255
0 0.929865 0.313334 0.033662 0.065025
0 0.828401 0.863041 0.026325 0.053176
0 0.917632 0.582451 0.036036 0.070481
0 0.556414 0.599995 0.039640 0.059268
0 0.522094 0.411589 0.032432 0.057666
0 0.358215 0.358958 0.043243 0.065675
0 0.785500 0.967395 0.036036 0.065211
0 0.060489 0.239202 0.039640 0.060870
