1 0.868025 0.685743 0.043157 0.078289
1 0.968317 0.473105 0.041430 0.058333
1 0.917312 0.664847 0.050062 0.088284
1 0.917312 0.972582 0.053514 0.054835
1 0.381833 0.937340 0.042969 0.076389
1 0.401562 0.864241 0.042969 0.076389
1 0.369503 0.770673 0.042969 0.076389
1 0.399918 0.758978 0.042969 0.076389
1 0.437731 0.871551 0.042969 0.076389
1 0.445952 0.763363 0.042969 0.076389
1 0.850694 0.524964 0.049199 0.087500
1 0.700781 0.115703 0.042969 0.076389
1 0.714755 0.067457 0.042969 0.076389
2 0.202488 0.766281 0.191892 0.312357
1 0.885028 0.347516 0.042969 0.076389
1 0.903904 0.298699 0.042969 0.076389
1 0.930502 0.265136 0.042969 0.076389
1 0.425139 0.809759 0.042969 0.076389
