1 0.805664 0.900466 0.036252 0.070614
1 0.639015 0.826635 0.030210 0.059868
1 0.330045 0.025790 0.046609 0.047588
1 0.639728 0.068857 0.041430 0.068096
1 0.413481 0.381785 0.037115 0.058333
1 0.196054 0.507516 0.036252 0.067544
1 0.163995 0.620820 0.031073 0.047588
2 0.297164 0.654445 0.115660 0.219517
1 0.989468 0.649464 0.021064 0.066009
1 0.381422 0.017018 0.035388 0.032237
1 0.526940 0.071415 0.059011 0.066077
1 0.579531 0.950498 0.037115 0.049123
2 0.718044 0.497282 0.148438 0.263889
2 0.648171 0.598159 0.148438 0.263889
2 0.808467 0.454884 0.148438 0.263889
1 0.498150 0.609124 0.030210 0.062939
2 0.338624 0.255588 0.148438 0.263889
2 0.336861 0.125531 0.148438 0.251062
2 0.493827 0.283824 0.148438 0.263889
2 0.245988 0.340255 0.148438 0.263889
2 0.095679 0.373235 0.157407 0.312941
