0 0.630983 0.191271 0.026757 0.043392
0 0.303552 0.137151 0.024168 0.042857
0 0.271065 0.435147 0.031504 0.046053
0 0.849494 0.762037 0.026757 0.044517
0 0.849831 0.599892 0.026757 0.049123
0 0.929999 0.535429 0.025300 0.042982
0 0.946642 0.390096 0.023305 0.041447
0 0.478684 0.891748 0.029347 0.042982
0 0.316893 0.783831 0.031073 0.052193
0 0.663790 0.471697 0.032799 0.053728
0 0.582409 0.434416 0.029347 0.052193
0 0.648171 0.552106 0.024168 0.041447
0 0.438009 0.696868 0.034234 0.060870
0 0.834835 0.867730 0.036937 0.064073
0 0.115830 0.719751 0.033333 0.060870
0 0.141999 0.860102 0.036036 0.060870
0 0.095238 0.972099 0.038739 0.055802
