1 0.438553 0.421989 0.025031 0.053728
1 0.488024 0.610450 0.025894 0.052193
1 0.654720 0.447439 0.034904 0.052193
1 0.516983 0.643616 0.044883 0.056798
1 0.587752 0.391287 0.030210 0.056798
1 0.787094 0.573305 0.032799 0.052193
1 0.573574 0.500834 0.034234 0.065675
1 0.451737 0.631269 0.032432 0.067277
1 0.427713 0.497020 0.036036 0.073684
1 0.151008 0.165975 0.040541 0.064073
1 0.619048 0.907394 0.034234 0.067277
1 0.892416 0.945000 0.035185 0.070824
1 0.930776 0.338726 0.045370 0.088941
1 0.463845 0.087745 0.042593 0.075765
