1 0.687292 0.135764 0.034681 0.061404
1 0.323463 0.114415 0.038841 0.062939
2 0.277700 0.550546 0.096364 0.188591
1 0.235923 0.615703 0.033662 0.061403
1 0.761611 0.147866 0.042969 0.076389
1 0.584464 0.062340 0.044020 0.072149
2 0.626798 0.773597 0.148438 0.263889
2 0.696671 0.893926 0.148438 0.212148
2 0.564324 0.823305 0.148438 0.263889
2 0.618578 0.920242 0.148438 0.159517
1 0.806485 0.266727 0.036036 0.068879
1 0.350922 0.092749 0.022522 0.048055
1 0.631060 0.508617 0.030631 0.056389
1 0.609395 0.542024 0.039189 0.072082
2 0.919753 0.908489 0.148438 0.183023
2 0.837743 0.638333 0.148438 0.263889
2 0.774250 0.795196 0.148438 0.263889
2 0.477954 0.556765 0.148438 0.263889
2 0.563492 0.621078 0.148438 0.263889
2 0.538801 0.407745 0.148438 0.263889
2 0.672840 0.346569 0.148438 0.263889
2 0.460317 0.192843 0.148438 0.263889
2 0.657848 0.556765 0.148438 0.263889
1 0.783069 0.205392 0.042969 0.076389
1 0.390653 0.741863 0.042969 0.076389
1 0.373876 0.675980 0.042969 0.076389
1 0.467813 0.131667 0.049074 0.075765
