0 0.276801 0.124047 0.028483 0.048656
0 0.303329 0.269211 0.026757 0.052193
0 0.103987 0.402252 0.028483 0.042983
0 0.080559 0.568188 0.030210 0.056798
0 0.441879 0.059606 0.021656 0.046053
0 0.479618 0.190075 0.020637 0.052193
0 0.601838 0.101392 0.020949 0.040367
0 0.642268 0.295018 0.031936 0.048486
0 0.867916 0.668583 0.029347 0.043790
0 0.912716 0.560418 0.027620 0.039912
0 0.261406 0.381682 0.031936 0.036626
0 0.614329 0.871544 0.031532 0.059268
0 0.331617 0.706021 0.041441 0.064073
0 0.068640 0.085121 0.038739 0.067277
