1 0.586108 0.048451 0.057830 0.089035
2 0.499383 0.228276 0.148438 0.263889
2 0.488697 0.447574 0.148438 0.263889
2 0.364571 0.381785 0.148438 0.263889
1 0.933827 0.912486 0.059556 0.092105
2 0.819975 0.324767 0.148438 0.263889
2 0.758323 0.126017 0.148437 0.252033
2 0.821619 0.102625 0.148438 0.205249
2 0.898890 0.241434 0.148438 0.263889
1 0.546118 0.250644 0.046847 0.078490
2 0.946577 0.107492 0.106847 0.214984
2 0.808642 0.636765 0.148438 0.263889
2 0.732804 0.837549 0.148438 0.263889
2 0.935113 0.774804 0.129774 0.263889
2 0.266314 0.525392 0.148438 0.263889
2 0.319224 0.774804 0.148438 0.263889
