0 0.422038 0.027848 0.026757 0.042982
0 0.477189 0.248744 0.025894 0.039912
0 0.461159 0.096697 0.022441 0.038377
0 0.156597 0.462822 0.034525 0.046269
0 0.755857 0.610848 0.028483 0.048139
0 0.859433 0.611945 0.024168 0.041663
0 0.728730 0.953422 0.032799 0.046053
0 0.981093 0.745089 0.030210 0.042982
0 0.135635 0.584270 0.033662 0.050658
0 0.575719 0.693817 0.036937 0.073684
0 0.284427 0.641948 0.041441 0.070481
0 0.187473 0.781536 0.048649 0.068879
0 0.133848 0.278866 0.031532 0.060870
0 0.075504 0.624404 0.035135 0.065675
0 0.051909 0.738058 0.037838 0.054462
