2 0.957871 0.179299 0.084258 0.227193
1 0.866420 0.668597 0.042293 0.073133
1 0.585697 0.645673 0.028483 0.064474
1 0.398274 0.222428 0.027620 0.070614
1 0.436087 0.162749 0.032799 0.060852
1 0.432496 0.345966 0.047472 0.084430
1 0.746815 0.523597 0.042969 0.076389
1 0.711467 0.511902 0.042969 0.076389
2 0.306735 0.829591 0.148438 0.263889
2 0.218361 0.699919 0.148438 0.263889
2 0.111111 0.501597 0.148438 0.263889
2 0.098241 0.773146 0.148438 0.263889
1 0.766195 0.255983 0.051351 0.083295
1 0.644359 0.480394 0.044144 0.086174
1 0.689833 0.137753 0.051351 0.084897
2 0.089947 0.910057 0.148438 0.179886
2 0.043723 0.873194 0.087446 0.253611
2 0.048132 0.686961 0.096265 0.263889
