1 0.584464 0.330615 0.023305 0.036842
1 0.774353 0.489972 0.035388 0.064474
1 0.165228 0.824036 0.031936 0.044518
2 0.837794 0.115053 0.107028 0.193421
2 0.799945 0.304759 0.095808 0.194956
2 0.086313 0.397135 0.106165 0.194956
2 0.039391 0.295527 0.078781 0.248684
2 0.085311 0.785293 0.170623 0.340789
2 0.953237 0.812340 0.093527 0.173465
2 0.865963 0.840406 0.203699 0.319189
2 0.478836 0.494020 0.148438 0.263889
2 0.533510 0.801471 0.148438 0.263889
2 0.504409 0.644608 0.148438 0.263889
2 0.355379 0.511275 0.148438 0.263889
