0 0.560214 0.133247 0.031073 0.042982
0 0.180659 0.029716 0.025031 0.039912
0 0.844636 0.234855 0.022441 0.042982
0 0.680230 0.404343 0.022441 0.038593
0 0.380749 0.260575 0.029346 0.044518
0 0.765310 0.892749 0.025031 0.041447
1 0.471677 0.281720 0.042647 0.078289
0 0.575832 0.198305 0.023305 0.046053
0 0.480888 0.542603 0.023305 0.033772
0 0.460748 0.808685 0.024168 0.046053
0 0.649404 0.920527 0.026757 0.047588
0 0.346337 0.347292 0.025894 0.039912
0 0.253185 0.825498 0.028483 0.041447
0 0.952381 0.968416 0.033333 0.057666
0 0.928786 0.804956 0.028829 0.073209
0 0.575290 0.656441 0.030631 0.065675
0 0.621622 0.599232 0.025225 0.044851
0 0.277563 0.265136 0.031250 0.055556
0 0.259545 0.274290 0.031250 0.055556
0 0.389961 0.387181 0.028829 0.060870
0 0.078078 0.837982 0.031532 0.065675
0 0.025740 0.934854 0.035135 0.067277
0 0.955026 0.690098 0.031250 0.055556
0 0.970018 0.661863 0.031250 0.055556
