0 0.182590 0.033901 0.027672 0.056368
0 0.556327 0.131920 0.026757 0.041447
0 0.841759 0.235586 0.025031 0.042983
0 0.681347 0.406026 0.025274 0.041697
0 0.574082 0.198260 0.030538 0.053065
0 0.511788 0.199632 0.030210 0.039912
1 0.466934 0.272540 0.042293 0.079825
0 0.377386 0.262957 0.027620 0.053728
0 0.346971 0.349485 0.032799 0.050658
0 0.483765 0.546258 0.025894 0.044518
0 0.025214 0.935294 0.036283 0.046941
0 0.458282 0.808685 0.029346 0.046053
0 0.576729 0.663678 0.028483 0.049123
0 0.764077 0.894211 0.034525 0.053728
0 0.643947 0.911891 0.030210 0.061403
0 0.619251 0.971562 0.034525 0.052193
0 0.954377 0.692457 0.025031 0.053728
0 0.969585 0.666872 0.027620 0.042982
0 0.927736 0.805610 0.029532 0.052454
0 0.617613 0.593261 0.022387 0.036296
0 0.390390 0.394582 0.027928 0.064549
0 0.950236 0.959263 0.041441 0.057666
