0 0.182565 0.039441 0.029346 0.041663
0 0.573366 0.196112 0.027620 0.042983
0 0.560214 0.131054 0.027620 0.046053
0 0.840937 0.235586 0.031936 0.049123
0 0.972051 0.664679 0.025894 0.059868
0 0.954788 0.688071 0.025894 0.050658
0 0.930949 0.803568 0.022441 0.050658
0 0.952733 0.965849 0.028483 0.032237
0 0.765310 0.889826 0.025894 0.059868
0 0.617345 0.972428 0.033662 0.039912
0 0.027949 0.937340 0.033662 0.046053
0 0.257707 0.828422 0.022441 0.041447
0 0.455816 0.810147 0.029346 0.042983
0 0.577065 0.662486 0.026757 0.049123
0 0.678586 0.405074 0.029347 0.040128
0 0.482121 0.548451 0.022441 0.049123
0 0.388409 0.392019 0.024168 0.046053
0 0.378956 0.264095 0.030210 0.053728
0 0.348130 0.351083 0.022441 0.042982
1 0.469379 0.280176 0.044020 0.084430
0 0.512536 0.195381 0.032799 0.041447
0 0.647349 0.918334 0.031073 0.046053
0 0.620764 0.586265 0.027027 0.046453
