1 0.889026 0.409562 0.041430 0.082895
1 0.862926 0.239972 0.033231 0.079825
1 0.656802 0.305030 0.039704 0.081360
1 0.774764 0.476083 0.041430 0.087500
1 0.988415 0.636171 0.023171 0.085965
1 0.441019 0.949767 0.036252 0.069079
1 0.715166 0.957808 0.040567 0.067544
1 0.493030 0.334541 0.031936 0.053728
1 0.196876 0.541872 0.036252 0.078289
1 0.280723 0.725352 0.041430 0.082895
2 0.159063 0.665936 0.282244 0.366886
2 0.922061 0.880222 0.155877 0.239555
2 0.508837 0.120738 0.239087 0.241475
1 0.818331 0.582077 0.042969 0.076389
1 0.796136 0.549913 0.042969 0.076389
1 0.329043 0.447440 0.036036 0.062471
1 0.076791 0.325396 0.054054 0.084897
1 0.691549 0.055373 0.038739 0.072082
1 0.985049 0.417692 0.029901 0.083295
