1 0.317304 0.383247 0.031936 0.061403
1 0.283189 0.682954 0.050062 0.089035
1 0.840115 0.034460 0.049199 0.058549
2 0.871763 0.128130 0.184710 0.250219
2 0.958899 0.118627 0.081134 0.230263
2 0.835242 0.576311 0.148438 0.263889
2 0.925354 0.529057 0.148438 0.263889
2 0.917632 0.673985 0.148438 0.263889
2 0.903046 0.860102 0.148438 0.263889
2 0.956456 0.800605 0.087089 0.263889
2 0.779494 0.742634 0.148438 0.263889
2 0.668812 0.877809 0.148438 0.244382
2 0.620764 0.616014 0.148438 0.263889
2 0.537538 0.521429 0.148438 0.263889
2 0.708113 0.672843 0.148438 0.263889
2 0.256614 0.479902 0.148438 0.263889
2 0.170194 0.660294 0.148438 0.263889
2 0.081989 0.564529 0.148438 0.263889
2 0.958041 0.628922 0.083919 0.263889
2 0.430335 0.462647 0.148438 0.263889
2 0.397707 0.636765 0.148437 0.263889
1 0.521164 0.886177 0.046296 0.095529
