0 0.187834 0.036024 0.031073 0.038377
0 0.562269 0.136902 0.026757 0.044518
0 0.510481 0.196112 0.028483 0.055263
0 0.572955 0.196112 0.028483 0.052193
1 0.471286 0.274464 0.050062 0.089035
0 0.388409 0.389095 0.025894 0.049123
0 0.377723 0.258978 0.027620 0.049123
0 0.280312 0.269211 0.023305 0.055263
0 0.260173 0.277252 0.027620 0.038377
0 0.345253 0.351083 0.025031 0.042982
0 0.681874 0.406638 0.020715 0.039912
0 0.843403 0.235586 0.028483 0.046053
0 0.965064 0.123013 0.030210 0.046053
0 0.580765 0.655176 0.027620 0.036842
0 0.483765 0.544796 0.022441 0.041447
0 0.459104 0.804299 0.034525 0.049123
0 0.254418 0.828422 0.034525 0.047588
0 0.083025 0.837925 0.033662 0.052193
0 0.029182 0.931492 0.031073 0.052193
0 0.649404 0.919796 0.030210 0.055263
0 0.768598 0.894211 0.027620 0.044518
0 0.929305 0.807954 0.024168 0.044517
0 0.953144 0.964387 0.029347 0.029167
0 0.618989 0.969504 0.028483 0.046053
0 0.954526 0.689240 0.031250 0.055556
0 0.970828 0.666357 0.031250 0.055556
0 0.615616 0.589316 0.021622 0.056064
