1 0.394649 0.868897 0.032799 0.055263
1 0.560473 0.267930 0.048335 0.070614
1 0.706434 0.101173 0.044883 0.075219
1 0.334718 0.246461 0.037978 0.064474
2 0.172481 0.320011 0.169174 0.242544
2 0.586108 0.128980 0.263255 0.257959
2 0.409586 0.636257 0.277928 0.343860
1 0.830124 0.733091 0.051220 0.083105
1 0.188331 0.628981 0.045045 0.068879
1 0.861433 0.333023 0.047748 0.081693
1 0.975309 0.621078 0.042969 0.076389
1 0.975309 0.545784 0.042969 0.076389
1 0.507937 0.478333 0.042969 0.076389
1 0.532628 0.454804 0.042969 0.076389
