0 0.891078 0.442644 0.024334 0.044938
0 0.985747 0.587500 0.028505 0.041481
0 0.704287 0.210545 0.031147 0.044938
0 0.777853 0.462629 0.033094 0.046667
0 0.587123 0.354346 0.033094 0.038025
0 0.746466 0.136471 0.022387 0.038025
0 0.610661 0.093673 0.025307 0.034568
0 0.380301 0.372685 0.032121 0.039753
0 0.667207 0.660751 0.025307 0.043210
0 0.743221 0.812191 0.025307 0.039753
0 0.647277 0.762809 0.028227 0.050123
0 0.392151 0.727059 0.029200 0.039753
0 0.860146 0.946296 0.028829 0.056064
0 0.642214 0.949347 0.030631 0.065675
0 0.519091 0.861628 0.038739 0.060870
0 0.152295 0.485579 0.034234 0.059268
