1 0.694278 0.456850 0.041639 0.065786
1 0.628209 0.862149 0.032272 0.052782
1 0.622763 0.972936 0.039859 0.054129
2 0.851492 0.236914 0.194549 0.152553
2 0.924744 0.689046 0.133285 0.159714
2 0.525609 0.905578 0.174559 0.188843
2 0.367758 0.672586 0.148438 0.263889
2 0.298908 0.518969 0.148438 0.263889
2 0.214945 0.544323 0.148438 0.263889
2 0.286314 0.648723 0.148438 0.263889
1 0.416559 0.916548 0.048649 0.083295
2 0.408837 0.435998 0.148438 0.263889
2 0.725750 0.740294 0.148438 0.263889
2 0.798060 0.608529 0.148438 0.263889
1 0.252646 0.866569 0.047222 0.064235
1 0.234568 0.932451 0.046296 0.067530
