0 0.069051 0.196112 0.026757 0.046053
0 0.075216 0.370820 0.020715 0.041447
0 0.226469 0.206346 0.031073 0.039912
0 0.455405 0.095966 0.028483 0.041447
0 0.660090 0.079153 0.030210 0.042982
0 0.466091 0.451960 0.030210 0.042982
0 0.966297 0.163217 0.024168 0.050658
0 0.849568 0.182954 0.031073 0.049123
0 0.741060 0.379592 0.025031 0.042982
0 0.724620 0.483393 0.029346 0.053728
0 0.939581 0.666141 0.026757 0.038377
0 0.691739 0.768480 0.024168 0.047588
0 0.700781 0.731200 0.022441 0.036842
0 0.598885 0.589316 0.027928 0.049657
0 0.435006 0.602284 0.031532 0.064073
0 0.821965 0.537448 0.033333 0.056064
0 0.973831 0.936380 0.027928 0.054462
0 0.372372 0.674747 0.031532 0.059268
