1 0.928537 0.047204 0.049199 0.094408
2 0.517468 0.099009 0.141554 0.198018
2 0.681682 0.675510 0.148438 0.263889
2 0.601888 0.506174 0.148438 0.263889
2 0.561562 0.663306 0.148438 0.263889
2 0.478336 0.826540 0.148438 0.263889
2 0.470613 0.548889 0.148438 0.263889
2 0.051228 0.795266 0.102456 0.251487
1 0.282711 0.738058 0.042969 0.076389
1 0.223509 0.638897 0.042969 0.076389
1 0.311883 0.698393 0.042969 0.076389
1 0.261261 0.675510 0.042969 0.076389
1 0.310167 0.590079 0.042969 0.076389
1 0.323895 0.448965 0.041441 0.078490
