1 0.814663 0.481648 0.057079 0.092575
1 0.564841 0.926074 0.057077 0.089835
2 0.977574 0.281155 0.044852 0.181007
1 0.326898 0.482528 0.040541 0.075286
1 0.813385 0.733481 0.045946 0.092906
2 0.055625 0.673985 0.111251 0.410069
2 0.105314 0.245304 0.210629 0.336384
2 0.892416 0.831275 0.148438 0.263889
2 0.719555 0.792020 0.148438 0.263889
2 0.753968 0.624216 0.148438 0.263889
2 0.698413 0.915547 0.148438 0.168905
2 0.603175 0.710490 0.148438 0.263889
2 0.548501 0.431275 0.148438 0.263889
2 0.482363 0.635196 0.148438 0.263889
2 0.402998 0.464216 0.148438 0.263889
2 0.307738 0.723000 0.148438 0.263889
2 0.427690 0.881038 0.148438 0.237925
