1 0.567363 0.241974 0.048335 0.053728
1 0.593290 0.297180 0.046609 0.072149
2 0.864332 0.108749 0.189889 0.217499
2 0.660090 0.157452 0.190752 0.314904
1 0.550408 0.526006 0.042969 0.076389
1 0.586444 0.474137 0.042969 0.076389
1 0.696268 0.673985 0.042969 0.076389
1 0.796654 0.669408 0.042969 0.076389
1 0.637066 0.481765 0.042969 0.076389
1 0.732304 0.597707 0.042969 0.076389
1 0.663664 0.745686 0.042969 0.076389
1 0.826684 0.513801 0.042969 0.076389
1 0.685114 0.335312 0.042969 0.076389
1 0.743436 0.365785 0.042969 0.076389
1 0.595024 0.677036 0.042969 0.076389
2 0.870811 0.832843 0.145370 0.276706
2 0.779101 0.889314 0.104630 0.174588
