1 0.652175 0.801874 0.058693 0.092105
1 0.607434 0.622203 0.044883 0.089035
1 0.820797 0.217311 0.031073 0.069079
1 0.411757 0.200919 0.047472 0.089035
2 0.560847 0.842255 0.148438 0.263889
2 0.514109 0.591235 0.148438 0.263889
2 0.482363 0.321471 0.148438 0.263889
2 0.373898 0.090237 0.148438 0.180474
2 0.337743 0.310490 0.148437 0.263889
2 0.338602 0.486137 0.148438 0.263889
2 0.193122 0.781078 0.148438 0.263889
2 0.079365 0.423431 0.148438 0.263889
2 0.910053 0.250882 0.148438 0.263889
2 0.884480 0.578726 0.148438 0.263889
2 0.767174 0.084727 0.148438 0.169454
2 0.402116 0.597549 0.148438 0.263889
1 0.977855 0.926961 0.044290 0.092235
