1 0.529408 0.409165 0.050925 0.073018
1 0.378956 0.852545 0.045746 0.085965
1 0.168927 0.629592 0.039704 0.078289
1 0.276797 0.253942 0.042293 0.067544
2 0.884170 0.703962 0.213514 0.345395
2 0.255025 0.759073 0.144143 0.268640
1 0.659627 0.876919 0.037115 0.075219
1 0.385671 0.183519 0.040541 0.072082
1 0.612219 0.888131 0.051351 0.076888
1 0.768340 0.777722 0.042969 0.076389
1 0.721150 0.806708 0.042969 0.076389
1 0.742600 0.770094 0.042969 0.076389
1 0.762334 0.721277 0.042969 0.076389
1 0.976834 0.481765 0.042969 0.076389
1 0.965680 0.539736 0.042969 0.076389
