1 0.929593 0.224119 0.037043 0.072149
1 0.747637 0.600352 0.046609 0.075219
1 0.537542 0.627284 0.047757 0.072674
1 0.521070 0.771762 0.043590 0.074236
1 0.398680 0.295495 0.046609 0.075219
2 0.430873 0.205361 0.174353 0.290132
2 0.094816 0.053198 0.097534 0.106396
2 0.702274 0.742634 0.148438 0.263889
2 0.793222 0.799080 0.148437 0.263889
2 0.058345 0.657204 0.116690 0.263889
2 0.060919 0.875520 0.121838 0.248959
1 0.893179 0.063763 0.038739 0.064073
0 0.349635 0.188859 0.019820 0.044851
2 0.180776 0.495588 0.148438 0.263889
2 0.273369 0.661863 0.148438 0.263889
2 0.424140 0.887312 0.148438 0.225376
