0 0.989889 0.076960 0.020222 0.050658
0 0.879162 0.100352 0.029347 0.050658
0 0.848335 0.155176 0.028483 0.052193
0 0.486642 0.018088 0.033662 0.036176
0 0.309083 0.022583 0.033662 0.045167
0 0.094534 0.109124 0.031936 0.053728
0 0.492396 0.363661 0.025031 0.038059
0 0.769420 0.295527 0.028483 0.049123
0 0.751747 0.398597 0.024168 0.050658
0 0.847924 0.444650 0.027620 0.049123
0 0.967941 0.577691 0.024168 0.042983
0 0.746815 0.585732 0.031073 0.050658
0 0.726675 0.646404 0.019852 0.033772
0 0.716400 0.684416 0.025894 0.049123
0 0.623921 0.503130 0.026757 0.042983
0 0.458747 0.511806 0.029347 0.050658
0 0.399507 0.586463 0.030210 0.039912
0 0.703561 0.907394 0.033333 0.057666
0 0.990562 0.852474 0.018018 0.054462
0 0.255255 0.116395 0.041441 0.046453
0 0.191334 0.788401 0.038739 0.073684
