1 0.313066 0.078734 0.027892 0.045600
1 0.624116 0.187643 0.027892 0.072082
1 0.831057 0.452262 0.034190 0.064210
2 0.409107 0.546091 0.148314 0.299662
1 0.578769 0.964630 0.034331 0.064665
1 0.385539 0.385330 0.037030 0.059536
2 0.550928 0.415694 0.205282 0.208278
1 0.537538 0.643474 0.042969 0.076389
1 0.543544 0.587028 0.042969 0.076389
1 0.518662 0.603809 0.042969 0.076389
1 0.538396 0.539736 0.042969 0.076389
2 0.206349 0.872469 0.148438 0.255061
2 0.134277 0.902980 0.148438 0.194039
2 0.196911 0.921287 0.148438 0.157426
