1 0.268554 0.133176 0.050450 0.081693
1 0.840412 0.352856 0.052252 0.094508
1 0.661948 0.107242 0.048649 0.084897
2 0.760618 0.162162 0.171171 0.289931
2 0.360468 0.228600 0.181982 0.281922
1 0.246675 0.467808 0.050450 0.089227
2 0.469755 0.692291 0.148438 0.263889
2 0.598456 0.551940 0.148438 0.263889
2 0.520378 0.382604 0.148438 0.263889
2 0.593308 0.727379 0.148438 0.263889
2 0.531532 0.800605 0.148438 0.263889
2 0.525526 0.677036 0.148438 0.263889
2 0.559846 0.902218 0.148438 0.195565
2 0.608752 0.860102 0.148438 0.263889
2 0.139854 0.655678 0.166667 0.333181
2 0.364198 0.057832 0.125926 0.115664
