0 0.196137 0.272552 0.031276 0.057896
0 0.286670 0.383472 0.034688 0.052861
0 0.459492 0.255877 0.031970 0.054773
0 0.545502 0.234278 0.031166 0.058603
0 0.486050 0.315320 0.033951 0.046457
0 0.487161 0.653100 0.034057 0.051830
0 0.474211 0.733785 0.029845 0.053825
0 0.557392 0.690124 0.035699 0.063194
0 0.582063 0.513402 0.025240 0.056880
0 0.594021 0.410665 0.028231 0.050647
0 0.639073 0.229705 0.032939 0.069742
0 0.712415 0.080712 0.035661 0.063774
0 0.724347 0.144094 0.026408 0.044312
0 0.751783 0.109705 0.027780 0.052578
0 0.823900 0.088711 0.033270 0.059002
0 0.888706 0.139009 0.032973 0.056707
0 0.848084 0.187941 0.035284 0.051424
0 0.971851 0.263029 0.035344 0.059808
0 0.759086 0.237450 0.027945 0.061350
0 0.841454 0.369508 0.026319 0.051115
0 0.776812 0.280576 0.031670 0.052982
0 0.676918 0.512450 0.029541 0.050287
0 0.795796 0.574061 0.035135 0.052860
0 0.745603 0.847135 0.035135 0.062471
0 0.755899 0.706784 0.035135 0.052860
0 0.771343 0.799080 0.036937 0.057666
0 0.762334 0.344465 0.028829 0.070481
0 0.240669 0.582451 0.027027 0.060870
0 0.191334 0.661780 0.040541 0.067277
0 0.110253 0.548126 0.032432 0.065675
