2 0.973177 0.610066 0.053646 0.291208
2 0.184041 0.815861 0.148437 0.263889
2 0.074218 0.776197 0.148436 0.263889
2 0.128271 0.606860 0.148438 0.263889
2 0.052768 0.640422 0.105536 0.263889
2 0.057058 0.484816 0.114116 0.263889
1 0.270699 0.544313 0.045045 0.080091
2 0.145431 0.217844 0.148437 0.263889
2 0.268125 0.161399 0.148438 0.263889
2 0.386529 0.108533 0.148437 0.217066
2 0.367653 0.255983 0.148438 0.263889
2 0.520378 0.107007 0.148438 0.214014
2 0.552124 0.298699 0.148438 0.263889
2 0.346203 0.449728 0.148438 0.263889
2 0.460317 0.367348 0.148438 0.263889
2 0.226941 0.356670 0.148438 0.263889
2 0.637066 0.108514 0.148438 0.217027
2 0.571000 0.564145 0.148438 0.263889
2 0.147266 0.414020 0.148437 0.263889
