2 0.375161 0.679037 0.179730 0.335132
1 0.439823 0.324194 0.049659 0.093215
1 0.226903 0.497126 0.056326 0.094870
1 0.501897 0.836312 0.054125 0.098359
1 0.828392 0.193716 0.051957 0.090859
2 0.181569 0.146752 0.132406 0.270929
2 0.265383 0.404312 0.217781 0.304263
1 0.983730 0.262085 0.032540 0.073684
2 0.762334 0.111584 0.148438 0.223168
2 0.758044 0.361246 0.148437 0.263889
2 0.872158 0.416166 0.148438 0.263889
2 0.875590 0.690766 0.148438 0.263889
2 0.903003 0.185808 0.148438 0.263889
1 0.190476 0.814335 0.045946 0.070481
1 0.285714 0.657203 0.031532 0.064073
