0 0.449539 0.313414 0.035678 0.055397
0 0.457663 0.068603 0.035619 0.053117
0 0.335918 0.055732 0.038332 0.057143
0 0.481098 0.390464 0.029934 0.050159
0 0.583678 0.325337 0.035560 0.059032
0 0.807924 0.327417 0.033090 0.062082
0 0.637045 0.433608 0.033972 0.059981
0 0.695933 0.556655 0.034252 0.053666
0 0.910519 0.184414 0.027759 0.055774
0 0.949058 0.493728 0.032965 0.055555
0 0.762152 0.602254 0.035348 0.058724
0 0.844228 0.725677 0.032580 0.057520
0 0.720963 0.658769 0.035081 0.048699
0 0.511324 0.695216 0.029181 0.047255
0 0.447961 0.442191 0.029545 0.051589
0 0.715906 0.840958 0.026078 0.054765
0 0.686113 0.409278 0.030789 0.053712
0 0.973305 0.286722 0.024813 0.053456
0 0.990796 0.475466 0.018408 0.055029
0 0.416130 0.707547 0.029730 0.067277
0 0.361218 0.780773 0.036937 0.067277
0 0.335049 0.729667 0.037838 0.065675
0 0.468897 0.891376 0.034234 0.056064
0 0.558130 0.977559 0.043243 0.044883
0 0.453453 0.972868 0.036036 0.054265
0 0.159159 0.855525 0.034234 0.067277
0 0.069927 0.742634 0.036036 0.064073
0 0.898756 0.084358 0.032432 0.056064
0 0.262119 0.177417 0.028829 0.075286
0 0.274131 0.024862 0.037838 0.049657
0 0.133419 0.232337 0.027027 0.068879
0 0.625220 0.585000 0.031250 0.055556
0 0.597884 0.608529 0.031250 0.055556
0 0.588183 0.548922 0.031250 0.055556
0 0.635802 0.814020 0.031250 0.055556
0 0.648148 0.751275 0.031250 0.055556
0 0.635802 0.715196 0.031250 0.055556
