2 0.567423 0.762913 0.142593 0.295355
1 0.349871 0.217622 0.042702 0.081208
1 0.391420 0.246318 0.050239 0.075674
1 0.541900 0.857036 0.039991 0.064755
1 0.891892 0.230049 0.042969 0.076389
1 0.863578 0.182757 0.042969 0.076389
1 0.821536 0.138515 0.042969 0.076389
1 0.933076 0.140041 0.042969 0.076389
1 0.913342 0.175129 0.042969 0.076389
1 0.854998 0.108004 0.042969 0.076389
1 0.872158 0.753313 0.043243 0.067277
2 0.271557 0.492444 0.148438 0.263889
2 0.159159 0.446677 0.148438 0.263889
2 0.206349 0.281917 0.148438 0.263889
2 0.111969 0.318493 0.148438 0.263889
2 0.128271 0.179705 0.148438 0.263889
2 0.242385 0.110821 0.148438 0.221642
2 0.311025 0.088701 0.148438 0.177401
2 0.444015 0.131416 0.148438 0.262832
2 0.540948 0.094021 0.148438 0.188042
2 0.654226 0.233100 0.148438 0.263889
2 0.637924 0.083361 0.148438 0.166722
2 0.853282 0.908756 0.190991 0.182488
