2 0.907843 0.264629 0.115150 0.256407
1 0.934038 0.375864 0.030413 0.046841
1 0.708755 0.440280 0.046514 0.089372
1 0.492673 0.774325 0.052614 0.075871
2 0.126104 0.671664 0.144880 0.297006
1 0.371064 0.225218 0.035839 0.065257
1 0.677821 0.151483 0.033333 0.059268
1 0.677392 0.631269 0.052252 0.089702
1 0.638782 0.734780 0.046847 0.086974
2 0.048810 0.449502 0.097619 0.329502
1 0.916345 0.573298 0.049550 0.086499
2 0.399471 0.390490 0.148438 0.263889
2 0.319224 0.498726 0.148438 0.263889
2 0.378307 0.792059 0.148438 0.263889
1 0.211640 0.301078 0.042969 0.076389
1 0.171076 0.302647 0.042969 0.076389
