2 0.530481 0.136316 0.110313 0.243013
1 0.536036 0.338762 0.047297 0.071895
1 0.673745 0.462543 0.047297 0.076257
1 0.794712 0.419392 0.041868 0.056347
1 0.607723 0.958861 0.041082 0.067446
1 0.402009 0.471021 0.040541 0.062471
0 0.951094 0.292596 0.027027 0.051259
2 0.770914 0.263611 0.148438 0.263889
2 0.748606 0.084887 0.148437 0.169773
2 0.687688 0.236151 0.148438 0.263889
2 0.641356 0.207165 0.148438 0.263889
2 0.104056 0.147353 0.148438 0.263889
2 0.246032 0.271275 0.148438 0.263889
2 0.217813 0.555196 0.148438 0.263889
2 0.153439 0.776373 0.148438 0.263889
2 0.068414 0.892018 0.136829 0.215964
2 0.411817 0.537941 0.148438 0.263889
2 0.490300 0.564608 0.148438 0.263889
