2 0.070343 0.103161 0.140686 0.206323
0 0.488381 0.024879 0.014488 0.031161
0 0.313725 0.932621 0.022876 0.046065
2 0.980646 0.235202 0.038707 0.272323
0 0.830326 0.193503 0.029714 0.052974
0 0.966109 0.885274 0.022522 0.049657
1 0.754183 0.886036 0.036937 0.057666
1 0.323895 0.244541 0.048649 0.091304
2 0.253539 0.210216 0.148438 0.263889
2 0.242385 0.105482 0.148438 0.210963
2 0.383097 0.428371 0.148437 0.263889
2 0.510082 0.226998 0.148438 0.263889
2 0.704848 0.599232 0.148438 0.263889
2 0.754612 0.484816 0.148438 0.263889
2 0.621622 0.455831 0.148438 0.263889
2 0.500644 0.591605 0.148438 0.263889
2 0.469755 0.768569 0.148438 0.263889
2 0.392535 0.905269 0.148437 0.189462
2 0.589018 0.902980 0.148438 0.194039
