0 0.512806 0.545585 0.031264 0.044710
0 0.885391 0.917903 0.028214 0.050129
2 0.442234 0.396280 0.122767 0.254413
0 0.687042 0.040328 0.029862 0.062728
0 0.883312 0.976777 0.034234 0.046446
0 0.820249 0.642711 0.027928 0.056064
0 0.677392 0.390232 0.030631 0.054462
0 0.589018 0.259797 0.032432 0.056064
0 0.440154 0.114107 0.031532 0.060870
0 0.796654 0.061475 0.030631 0.046453
0 0.528958 0.388706 0.030631 0.067277
0 0.328614 0.341414 0.029730 0.057666
0 0.375804 0.800605 0.031532 0.060870
1 0.229944 0.769332 0.042342 0.091304
0 0.171600 0.670171 0.031532 0.062471
0 0.255684 0.378027 0.042342 0.057666
0 0.125697 0.297936 0.030631 0.056064
