1 0.216645 0.354381 0.034234 0.059268
0 0.471043 0.358958 0.027928 0.052860
1 0.145431 0.413115 0.043243 0.076888
1 0.911626 0.309377 0.034234 0.057666
2 0.811240 0.947067 0.183784 0.105867
2 0.661090 0.693817 0.148438 0.263889
2 0.761476 0.385655 0.148438 0.263889
2 0.486916 0.605335 0.148438 0.263889
2 0.676534 0.090989 0.148438 0.181978
2 0.577006 0.394808 0.148438 0.263889
2 0.640498 0.185808 0.148438 0.263889
1 0.250107 0.823489 0.050450 0.089702
1 0.287001 0.741109 0.042969 0.076389
1 0.328185 0.737982 0.042969 0.076389
