1 0.855483 0.535202 0.051852 0.086710
1 0.959695 0.265524 0.044989 0.084000
1 0.619526 0.556703 0.051852 0.093780
1 0.543737 0.570159 0.044639 0.090537
2 0.281836 0.580907 0.143279 0.221135
2 0.420213 0.695431 0.141907 0.278255
1 0.642885 0.790029 0.031022 0.070915
2 0.715472 0.778548 0.138050 0.359032
2 0.220604 0.761210 0.077778 0.174478
1 0.468046 0.445524 0.032789 0.060968
2 0.556686 0.839702 0.141771 0.254932
2 0.454370 0.909259 0.135011 0.181483
2 0.243053 0.905291 0.224183 0.189418
1 0.269734 0.128451 0.047447 0.091943
