1 0.262890 0.289395 0.033551 0.074516
1 0.771343 0.226235 0.058559 0.104119
1 0.290862 0.278104 0.024324 0.068879
1 0.328614 0.628218 0.040541 0.067277
1 0.936937 0.043931 0.053153 0.086499
1 0.975547 0.059187 0.042342 0.096110
1 0.827113 0.670171 0.042342 0.078490
2 0.347040 0.871687 0.148438 0.256625
2 0.470613 0.797554 0.148438 0.263889
2 0.389961 0.602284 0.148438 0.263889
2 0.601888 0.854000 0.148438 0.263889
2 0.825826 0.788401 0.148438 0.263889
2 0.740026 0.612962 0.148437 0.263889
2 0.611326 0.558043 0.148438 0.263889
2 0.545260 0.342940 0.148438 0.263889
2 0.506650 0.140041 0.148438 0.263889
2 0.656800 0.153771 0.148438 0.263889
2 0.838696 0.367348 0.148438 0.263889
2 0.888460 0.146143 0.148438 0.263889
2 0.341913 0.223946 0.148438 0.263889
2 0.166881 0.350567 0.148438 0.263889
2 0.203732 0.113109 0.148438 0.226219
2 0.947018 0.376502 0.105965 0.263889
