1 0.694273 0.049456 0.044730 0.086710
2 0.398693 0.169807 0.189107 0.339614
1 0.363471 0.371976 0.038889 0.060968
2 0.952732 0.243034 0.094535 0.451458
1 0.793651 0.077493 0.033333 0.064073
1 0.709996 0.862390 0.039640 0.081693
1 0.563278 0.268950 0.032432 0.075286
2 0.266409 0.393283 0.148438 0.263889
2 0.552124 0.577875 0.148438 0.263889
2 0.431145 0.521429 0.148438 0.263889
2 0.634492 0.709072 0.148438 0.263889
2 0.493780 0.783824 0.148438 0.263889
2 0.280137 0.651101 0.148438 0.263889
1 0.498069 0.702207 0.054054 0.088101
2 0.599647 0.909273 0.148438 0.181454
2 0.343034 0.902998 0.148438 0.194003
2 0.198413 0.829706 0.148438 0.263889
