2 0.775280 0.191181 0.117421 0.228038
2 0.654167 0.162471 0.138176 0.197025
1 0.694981 0.645762 0.036937 0.065675
1 0.571858 0.591605 0.042969 0.076389
1 0.585543 0.556517 0.042969 0.076389
1 0.575290 0.461933 0.042969 0.076389
1 0.552124 0.548889 0.042969 0.076389
2 0.425139 0.152245 0.111712 0.176201
1 0.557272 0.506174 0.042969 0.076389
2 0.790626 0.879315 0.148438 0.241369
2 0.770056 0.928915 0.148438 0.142170
2 0.830116 0.927389 0.148438 0.145221
1 0.344916 0.553466 0.035135 0.073684
2 0.071215 0.196486 0.142430 0.263889
2 0.120549 0.093277 0.148438 0.186554
2 0.175461 0.158348 0.148438 0.263889
2 0.061348 0.090226 0.122696 0.180452
