1 0.714960 0.558427 0.031264 0.065032
1 0.816345 0.800567 0.042969 0.076389
1 0.838696 0.753313 0.042969 0.076389
1 0.821536 0.715174 0.042969 0.076389
1 0.790648 0.693817 0.042969 0.076389
1 0.763192 0.733481 0.042969 0.076389
2 0.589018 0.877809 0.148438 0.244382
2 0.572716 0.644999 0.148438 0.263889
2 0.558130 0.478714 0.148438 0.263889
2 0.516088 0.242253 0.148438 0.263889
2 0.589018 0.149194 0.148438 0.263889
1 0.691120 0.208691 0.042969 0.076389
1 0.726298 0.199538 0.042969 0.076389
1 0.688546 0.094274 0.042969 0.076389
1 0.671386 0.135464 0.042969 0.076389
1 0.680824 0.045457 0.042969 0.076389
2 0.939296 0.113872 0.121409 0.227744
2 0.823252 0.114635 0.148438 0.229270
1 0.713428 0.237676 0.042969 0.076389
