2 0.292149 0.086412 0.148438 0.172825
2 0.342771 0.129891 0.148438 0.259781
2 0.278421 0.248355 0.148438 0.263889
2 0.363363 0.257509 0.148438 0.263889
2 0.471429 0.283405 0.148438 0.263889
2 0.429429 0.405487 0.148438 0.263889
2 0.395967 0.625167 0.148438 0.263889
2 0.526384 0.687715 0.148438 0.263889
2 0.661090 0.733481 0.148438 0.263889
2 0.577006 0.455831 0.148438 0.263889
2 0.577006 0.892302 0.148438 0.215397
2 0.690262 0.105482 0.148438 0.210963
1 0.027885 0.146143 0.030631 0.067277
2 0.102676 0.311666 0.205352 0.334783
2 0.462963 0.889665 0.148438 0.220670
