1 0.817357 0.387460 0.028214 0.047419
2 0.480921 0.491270 0.201307 0.312968
2 0.205648 0.525312 0.208932 0.447393
2 0.679108 0.213268 0.148438 0.263889
2 0.671386 0.435998 0.148438 0.263889
2 0.735736 0.318531 0.148438 0.263889
2 0.762334 0.461933 0.148438 0.263889
2 0.821536 0.597707 0.148438 0.263889
2 0.795796 0.815861 0.148438 0.263889
2 0.945302 0.626692 0.109397 0.263889
2 0.913342 0.874758 0.148438 0.250485
2 0.860146 0.469560 0.148438 0.263889
1 0.462462 0.232337 0.054955 0.078490
1 0.087516 0.643474 0.035135 0.054462
1 0.307164 0.548889 0.031532 0.080091
1 0.414843 0.332261 0.036036 0.057666
1 0.513943 0.230811 0.051351 0.081693
