0 0.395358 0.819108 0.034438 0.055811
0 0.574432 0.528294 0.027027 0.046453
0 0.649936 0.586265 0.027027 0.049657
0 0.518233 0.979122 0.027928 0.041755
0 0.815530 0.089698 0.031250 0.055556
0 0.797512 0.077493 0.031250 0.055556
0 0.356499 0.046220 0.021622 0.043249
0 0.835693 0.188859 0.027928 0.044851
0 0.785500 0.144618 0.025225 0.048055
0 0.968683 0.284206 0.022522 0.049657
0 0.556843 0.317005 0.024324 0.051259
0 0.528100 0.521429 0.028829 0.057666
0 0.734020 0.565670 0.031250 0.055556
0 0.707851 0.278866 0.027928 0.044851
0 0.724868 0.583431 0.031250 0.055556
