1 0.605301 0.551976 0.035839 0.059613
2 0.457516 0.593266 0.103704 0.170710
1 0.608955 0.354805 0.037411 0.057426
1 0.634921 0.397859 0.038739 0.081693
2 0.818104 0.567196 0.148438 0.263889
2 0.718576 0.451254 0.148438 0.263889
2 0.620764 0.768569 0.148438 0.263889
2 0.739168 0.678561 0.148437 0.263889
2 0.727156 0.889250 0.148437 0.221499
2 0.658516 0.181193 0.148438 0.263889
2 0.547834 0.129891 0.148438 0.259781
2 0.419991 0.090989 0.148438 0.181978
0 0.721150 0.317768 0.028829 0.052860
2 0.279258 0.265060 0.148438 0.263889
