1 0.490559 0.202944 0.037364 0.060968
1 0.388526 0.336492 0.025926 0.035226
1 0.413217 0.366956 0.030501 0.047123
1 0.427378 0.306169 0.035839 0.060968
2 0.940154 0.284969 0.119693 0.263889
2 0.921064 0.103956 0.148438 0.207912
0 0.980695 0.453542 0.026126 0.052860
0 0.524239 0.856288 0.018919 0.052860
1 0.658945 0.978340 0.044144 0.043319
0 0.489061 0.875358 0.022523 0.048055
1 0.622909 0.632032 0.038739 0.068879
0 0.467610 0.619065 0.026126 0.060870
2 0.848134 0.909083 0.148438 0.181835
2 0.720292 0.837219 0.148438 0.263889
2 0.774346 0.663306 0.148438 0.263889
2 0.587302 0.871707 0.148438 0.256587
2 0.542686 0.599232 0.148438 0.263889
2 0.456028 0.762467 0.148438 0.263889
2 0.623338 0.390232 0.148438 0.263889
2 0.597598 0.150720 0.148438 0.263889
2 0.306735 0.480239 0.148438 0.263889
2 0.425139 0.507699 0.148438 0.263889
2 0.180609 0.356670 0.148438 0.263889
2 0.355641 0.179705 0.148438 0.263889
2 0.336861 0.708922 0.148438 0.263889
2 0.238977 0.755980 0.148438 0.263889
2 0.298060 0.887312 0.148438 0.225376
