0 0.766451 0.584443 0.034988 0.072060
0 0.838411 0.378354 0.031014 0.066167
0 0.883849 0.129229 0.035530 0.062404
0 0.867637 0.832669 0.035898 0.060959
0 0.927904 0.828236 0.035763 0.058874
0 0.944246 0.946810 0.029210 0.049851
0 0.825986 0.893363 0.032038 0.054938
0 0.526951 0.206422 0.034112 0.051221
0 0.625873 0.022433 0.034730 0.044866
1 0.548825 0.574416 0.044765 0.071987
0 0.461381 0.459812 0.030171 0.069523
0 0.444768 0.711575 0.036004 0.062270
0 0.440269 0.227974 0.032193 0.051056
0 0.984127 0.124785 0.031532 0.064073
0 0.860146 0.020951 0.037838 0.041902
0 0.575290 0.879934 0.039640 0.054462
0 0.190905 0.162924 0.034234 0.060870
0 0.083226 0.497020 0.035135 0.064073
