2 0.287558 0.239306 0.109277 0.208670
2 0.372334 0.567296 0.084829 0.182641
2 0.490903 0.175376 0.204238 0.281791
2 0.585586 0.617539 0.148438 0.263889
2 0.675676 0.565670 0.148438 0.263889
2 0.609610 0.480239 0.148438 0.263889
1 0.942514 0.828066 0.042969 0.076389
1 0.927070 0.855525 0.042969 0.076389
1 0.921064 0.890613 0.042969 0.076389
1 0.075075 0.328447 0.039640 0.062471
2 0.846418 0.475663 0.148438 0.263889
2 0.867868 0.660255 0.148438 0.263889
2 0.810382 0.789927 0.148438 0.263889
1 0.413127 0.394808 0.039640 0.073684
1 0.470899 0.680686 0.042969 0.076389
1 0.446208 0.663431 0.042969 0.076389
