2 0.777941 0.633502 0.231189 0.376387
1 0.250357 0.928022 0.039116 0.093099
1 0.297402 0.056233 0.049380 0.079799
1 0.358783 0.804064 0.052309 0.089203
2 0.604687 0.361965 0.209184 0.359891
1 0.961548 0.292779 0.055183 0.102644
1 0.723724 0.472612 0.045045 0.080092
1 0.339339 0.075205 0.043243 0.081693
1 0.223509 0.232337 0.043243 0.088101
1 0.288717 0.414641 0.048649 0.096110
1 0.032604 0.802894 0.045946 0.088101
1 0.458172 0.285731 0.038739 0.068879
1 0.816817 0.253695 0.036937 0.075286
1 0.924067 0.963840 0.038739 0.067277
2 0.839554 0.934557 0.153153 0.130886
1 0.719434 0.739583 0.042969 0.076389
1 0.695410 0.698393 0.042969 0.076389
1 0.657658 0.689240 0.042969 0.076389
