1 0.480118 0.180250 0.050743 0.091145
1 0.708126 0.504709 0.055741 0.094208
2 0.878210 0.324114 0.243581 0.389109
1 0.661090 0.616776 0.052252 0.075286
1 0.970828 0.943245 0.043243 0.075286
2 0.093908 0.655678 0.148438 0.263889
2 0.064780 0.425319 0.129560 0.263889
2 0.056200 0.808233 0.112400 0.263889
1 0.374088 0.172078 0.044144 0.086499
2 0.603175 0.864191 0.134234 0.271618
1 0.683827 0.873832 0.036937 0.067277
1 0.741742 0.779248 0.034234 0.073684
1 0.855856 0.736532 0.042969 0.076389
1 0.829258 0.719751 0.042969 0.076389
1 0.754183 0.371925 0.044144 0.083295
