1 0.443338 0.044565 0.060603 0.089130
1 0.735128 0.159173 0.050826 0.074204
1 0.683942 0.556115 0.052911 0.086392
1 0.479408 0.450637 0.039189 0.086842
2 0.413628 0.850534 0.142903 0.298932
1 0.973402 0.549652 0.030631 0.072082
1 0.924496 0.863916 0.037838 0.068879
1 0.607036 0.698393 0.042969 0.076389
1 0.605320 0.619065 0.042969 0.076389
1 0.568426 0.649576 0.042969 0.076389
1 0.063492 0.758653 0.045946 0.094508
1 0.507079 0.628218 0.029730 0.076888
1 0.773059 0.841033 0.042342 0.075286
1 0.571000 0.709072 0.042969 0.076389
2 0.786358 0.324633 0.148438 0.263889
2 0.812956 0.217844 0.148438 0.263889
2 0.703990 0.263611 0.148438 0.263889
