0 0.537970 0.655838 0.022446 0.056245
0 0.749613 0.273960 0.022446 0.039900
0 0.615148 0.713897 0.023476 0.033589
0 0.483129 0.644393 0.022446 0.039900
0 0.932726 0.410694 0.022446 0.037240
0 0.798449 0.308171 0.032698 0.052891
0 0.322102 0.170757 0.029909 0.040730
0 0.515667 0.440224 0.026459 0.050995
0 0.670957 0.400911 0.024324 0.044851
0 0.695839 0.690766 0.018919 0.035240
0 0.356928 0.948584 0.027928 0.054462
0 0.322608 0.762467 0.031532 0.048055
0 0.293865 0.073679 0.032432 0.059268
0 0.216216 0.902818 0.031532 0.051259
0 0.779542 0.217941 0.031250 0.055556
0 0.762787 0.210098 0.031250 0.055556
