0 0.941633 0.156729 0.027683 0.070490
0 0.571816 0.026263 0.030676 0.051870
0 0.697939 0.604493 0.033668 0.050540
0 0.922394 0.311261 0.039654 0.049210
0 0.698295 0.555093 0.032920 0.045220
0 0.175278 0.375228 0.041898 0.047880
0 0.659437 0.151175 0.031682 0.068425
0 0.725653 0.326799 0.036669 0.058521
0 0.371011 0.034601 0.032461 0.069201
0 0.269168 0.293617 0.038823 0.083694
0 0.771575 0.838453 0.035725 0.068620
0 0.931963 0.726147 0.038472 0.050634
0 0.675676 0.798317 0.027027 0.056064
0 0.562420 0.445152 0.028829 0.073684
0 0.418704 0.722040 0.033333 0.049657
0 0.147576 0.876883 0.031532 0.067277
0 0.068640 0.830354 0.035135 0.068879
0 0.978836 0.846961 0.031250 0.055556
0 0.984127 0.793627 0.031250 0.055556
0 0.963845 0.790490 0.031250 0.055556
