1 0.432654 0.225992 0.042778 0.078049
1 0.635808 0.503650 0.047136 0.077139
2 0.785583 0.372694 0.165349 0.438897
1 0.930502 0.112581 0.042969 0.076389
1 0.973402 0.091223 0.042969 0.076389
1 0.975976 0.179705 0.042969 0.076389
1 0.937366 0.169027 0.042969 0.076389
1 0.959674 0.118683 0.042969 0.076389
1 0.453882 0.628218 0.045946 0.076888
1 0.353961 0.629804 0.049550 0.097177
1 0.597598 0.826540 0.042969 0.076389
1 0.554698 0.730430 0.042969 0.076389
1 0.589876 0.768569 0.042969 0.076389
1 0.581296 0.693817 0.042969 0.076389
1 0.366831 0.711393 0.046847 0.087625
1 0.400686 0.028769 0.047748 0.057539
1 0.269841 0.224709 0.046847 0.088101
1 0.643072 0.194961 0.042969 0.076389
1 0.646504 0.249881 0.042969 0.076389
1 0.674818 0.234625 0.042969 0.076389
1 0.660232 0.347516 0.036036 0.067277
1 0.028314 0.788401 0.040541 0.073684
1 0.439296 0.915785 0.049550 0.084897
1 0.564136 0.791452 0.042969 0.076389
