1 0.755023 0.378796 0.049130 0.081700
2 0.906730 0.776896 0.115640 0.228279
2 0.720561 0.718146 0.201341 0.316344
2 0.836980 0.310140 0.192793 0.350801
1 0.703990 0.365823 0.043243 0.073684
2 0.070576 0.345991 0.141152 0.429291
2 0.041114 0.852463 0.082229 0.295073
2 0.394230 0.840232 0.148438 0.263889
2 0.444873 0.759416 0.148438 0.263889
1 0.457314 0.218607 0.047748 0.088101
1 0.368082 0.131650 0.062162 0.116934
2 0.552982 0.135464 0.148438 0.263889
2 0.442299 0.150720 0.148438 0.263889
2 0.373659 0.081073 0.148438 0.162146
2 0.483484 0.081073 0.148438 0.162146
2 0.462033 0.484816 0.148438 0.263889
2 0.556414 0.345991 0.148438 0.263889
2 0.621622 0.446677 0.148438 0.263889
1 0.411840 0.448203 0.067568 0.112128
1 0.452595 0.355907 0.061261 0.088101
