0 0.569678 0.026897 0.033668 0.045220
0 0.924248 0.314675 0.042495 0.061699
0 0.941841 0.159025 0.033668 0.045220
0 0.728935 0.334695 0.033668 0.045220
0 0.661242 0.158629 0.033668 0.045220
0 0.702570 0.560160 0.033668 0.045220
0 0.700997 0.610087 0.033668 0.045220
0 0.370519 0.040830 0.033668 0.045220
0 0.929440 0.726582 0.033668 0.045220
0 0.964822 0.797554 0.031250 0.055556
0 0.985752 0.796029 0.028495 0.055556
0 0.981124 0.846372 0.031250 0.055556
0 0.179751 0.377265 0.034234 0.049657
0 0.774775 0.848660 0.029730 0.062471
0 0.679108 0.798317 0.037838 0.068879
