0 0.923463 0.313161 0.042958 0.076364
0 0.945552 0.154829 0.042958 0.076364
0 0.698295 0.612093 0.030566 0.054336
0 0.700433 0.558893 0.030566 0.054336
0 0.572885 0.023799 0.030566 0.047598
0 0.734550 0.338497 0.040876 0.067085
0 0.660920 0.153476 0.040867 0.077170
0 0.962248 0.796029 0.031250 0.055556
0 0.985752 0.791452 0.028495 0.055556
0 0.981982 0.849423 0.031250 0.055556
0 0.680395 0.797554 0.035135 0.057666
0 0.772630 0.845609 0.036036 0.059268
0 0.931360 0.731193 0.036036 0.062471
0 0.559846 0.441338 0.028829 0.062471
0 0.371943 0.043931 0.036036 0.064073
0 0.269412 0.294885 0.038739 0.075286
