0 0.943415 0.153562 0.030566 0.054336
0 0.924888 0.313161 0.032219 0.057273
0 0.571034 0.023612 0.038298 0.047224
0 0.659612 0.151319 0.031720 0.061170
0 0.728052 0.322305 0.033875 0.061215
0 0.772635 0.839661 0.031424 0.062562
0 0.933052 0.727050 0.031378 0.053870
0 0.372583 0.040937 0.035593 0.062938
0 0.178464 0.379553 0.035135 0.057666
0 0.964727 0.792059 0.031250 0.055556
0 0.984692 0.798333 0.030616 0.055556
0 0.981481 0.846961 0.031250 0.055556
0 0.701940 0.602255 0.031250 0.055556
0 0.701940 0.559902 0.031250 0.055556
