0 0.773099 0.530591 0.036554 0.070472
0 0.867435 0.834293 0.034366 0.057986
0 0.929309 0.830680 0.035691 0.050506
0 0.826287 0.893754 0.034726 0.052041
0 0.945704 0.923721 0.036029 0.059010
0 0.905000 0.069574 0.032897 0.061621
0 0.982697 0.118051 0.034605 0.061659
0 0.836276 0.366761 0.032762 0.057384
0 0.523786 0.179311 0.034586 0.056075
0 0.447455 0.137601 0.037189 0.057520
0 0.458843 0.465202 0.033426 0.059062
1 0.555130 0.576148 0.045807 0.072647
0 0.856714 0.021733 0.036036 0.043466
0 0.576577 0.878409 0.036937 0.057666
0 0.446160 0.715175 0.035135 0.064073
0 0.111540 0.339126 0.038739 0.056064
0 0.354354 0.142329 0.022523 0.043249
1 0.401115 0.173603 0.037838 0.070481
