0 0.240892 0.271842 0.032453 0.065721
0 0.756922 0.341775 0.035149 0.062366
0 0.519384 0.484725 0.037604 0.063894
0 0.747589 0.706429 0.033075 0.058656
0 0.944020 0.938002 0.030717 0.050062
0 0.906484 0.779128 0.036851 0.063683
0 0.640498 0.167501 0.031250 0.055556
0 0.619906 0.162924 0.031250 0.055556
0 0.589876 0.156822 0.031250 0.055556
0 0.492493 0.018606 0.029730 0.037211
0 0.182325 0.140804 0.030631 0.056064
0 0.043329 0.113344 0.036036 0.052860
0 0.191763 0.703733 0.034234 0.059268
0 0.083655 0.715937 0.034234 0.072082
0 0.098241 0.564145 0.034234 0.060870
0 0.046332 0.416929 0.033333 0.068879
0 0.686927 0.973846 0.031250 0.052307
0 0.677249 0.933235 0.031250 0.055556
