2 0.563702 0.206619 0.135421 0.347128
1 0.427230 0.895731 0.037953 0.065188
1 0.224997 0.934935 0.044143 0.065194
2 0.730588 0.813573 0.221622 0.190618
2 0.858859 0.893664 0.206306 0.208238
1 0.924925 0.780011 0.040541 0.065675
1 0.943372 0.262085 0.045045 0.086499
1 0.623767 0.464984 0.031532 0.048055
1 0.628915 0.516090 0.038739 0.072082
1 0.988787 0.688477 0.022426 0.062471
1 0.364221 0.031897 0.059459 0.063794
1 0.977049 0.228523 0.040090 0.080092
1 0.653368 0.480239 0.028829 0.083295
0 0.951940 0.505000 0.026852 0.052706
