0 0.777707 0.048165 0.037113 0.069523
0 0.563711 0.453731 0.028381 0.065648
0 0.556119 0.555349 0.034852 0.066671
0 0.400018 0.362235 0.040203 0.069719
0 0.295017 0.102326 0.030874 0.053064
0 0.303539 0.040797 0.032745 0.058054
0 0.959514 0.223445 0.033820 0.060432
0 0.950857 0.408698 0.031293 0.062261
0 0.922992 0.686948 0.035716 0.048812
0 0.929732 0.821735 0.036410 0.059175
0 0.875171 0.875426 0.040021 0.050762
0 0.864926 0.960844 0.037528 0.053418
0 0.767848 0.838131 0.041722 0.061426
0 0.338910 0.237676 0.029730 0.054462
0 0.423852 0.625930 0.031532 0.068879
0 0.217503 0.571773 0.030631 0.051259
0 0.224796 0.626692 0.035135 0.060870
0 0.218361 0.757890 0.037838 0.051259
0 0.574003 0.882223 0.026126 0.043249
0 0.948091 0.573298 0.029730 0.064073
0 0.129129 0.058424 0.039640 0.056064
0 0.066066 0.210979 0.036937 0.065675
0 0.127413 0.979904 0.039640 0.040192
0 0.008575 0.654152 0.017149 0.080091
