0 0.855623 0.257691 0.031860 0.053531
0 0.735307 0.490918 0.033333 0.057666
0 0.846847 0.439049 0.031532 0.057666
0 0.961390 0.542787 0.025225 0.051259
0 0.975118 0.436761 0.027027 0.052860
0 0.688546 0.187333 0.023423 0.048055
0 0.402831 0.280392 0.031250 0.055556
0 0.397683 0.259034 0.031250 0.055556
0 0.460747 0.030964 0.026126 0.056064
0 0.091377 0.058424 0.034234 0.056064
0 0.193050 0.493207 0.026126 0.052860
0 0.134706 0.432184 0.026126 0.046453
0 0.696268 0.111056 0.021622 0.035240
0 0.976190 0.576373 0.022222 0.051059
