0 0.951128 0.408966 0.034764 0.063126
0 0.922324 0.684121 0.035069 0.050159
0 0.931997 0.817198 0.034836 0.051966
0 0.769406 0.831512 0.046340 0.059160
0 0.875939 0.875376 0.034032 0.051710
0 0.866367 0.953885 0.034341 0.048090
0 0.959819 0.225136 0.035339 0.056699
0 0.781529 0.056354 0.039665 0.047081
0 0.566514 0.452860 0.037447 0.061147
0 0.555679 0.553842 0.040571 0.057098
0 0.427713 0.626692 0.030631 0.060870
0 0.405405 0.367348 0.036036 0.064073
0 0.336336 0.235388 0.029730 0.065675
0 0.296010 0.108767 0.031532 0.049657
0 0.304590 0.049271 0.029730 0.059268
0 0.124839 0.053847 0.030631 0.062471
0 0.066066 0.216319 0.031532 0.080092
0 0.215358 0.754839 0.035135 0.054462
0 0.226083 0.622879 0.034234 0.049657
0 0.128700 0.980686 0.035135 0.038628
