2 0.823896 0.396114 0.115764 0.207126
1 0.555556 0.566433 0.039640 0.075286
1 0.653797 0.216319 0.033333 0.073684
1 0.641785 0.419217 0.038739 0.076888
1 0.913342 0.593130 0.043243 0.076888
1 0.985929 0.458119 0.028142 0.088101
2 0.304161 0.741109 0.148438 0.263889
2 0.269841 0.651101 0.148438 0.263889
2 0.463728 0.521429 0.148438 0.263889
2 0.082797 0.735770 0.090090 0.193822
1 0.122694 0.516090 0.038739 0.075286
1 0.064350 0.105716 0.040541 0.075286
2 0.735736 0.223946 0.148437 0.263889
2 0.710854 0.092514 0.148438 0.185029
1 0.798370 0.577875 0.042969 0.076389
1 0.764908 0.583977 0.042969 0.076389
2 0.538396 0.660255 0.148438 0.263889
