1 0.342373 0.052632 0.051287 0.086499
1 0.575128 0.172835 0.035238 0.062494
1 0.795013 0.306211 0.046689 0.103548
1 0.941656 0.651101 0.039640 0.064073
1 0.375375 0.635083 0.039640 0.062471
2 0.080684 0.922048 0.161369 0.155905
1 0.422565 0.113344 0.041441 0.096110
1 0.865294 0.268187 0.042969 0.076389
1 0.872158 0.205640 0.042969 0.076389
2 0.899614 0.378027 0.148438 0.263889
2 0.845538 0.548889 0.148438 0.263889
2 0.800086 0.750262 0.148438 0.263889
1 0.724153 0.657203 0.036937 0.070481
1 0.817246 0.864679 0.039640 0.054462
1 0.938224 0.464984 0.039640 0.076888
