1 0.590244 0.160354 0.033096 0.061600
1 0.717021 0.173976 0.040188 0.065800
1 0.768480 0.138344 0.035460 0.063022
1 0.986492 0.447021 0.026792 0.053200
1 0.915197 0.444354 0.040976 0.070000
1 0.864165 0.454354 0.029944 0.051800
1 0.921576 0.827021 0.037036 0.064400
2 0.918252 0.899731 0.128443 0.200537
1 0.795872 0.738354 0.040976 0.071400
1 0.711820 0.439021 0.031520 0.053200
1 0.632270 0.311687 0.037824 0.065800
1 0.575771 0.312643 0.037824 0.068600
1 0.493315 0.186635 0.043243 0.073684
1 0.734568 0.643039 0.042969 0.076389
1 0.720459 0.591275 0.042969 0.076389
