0 0.327955 0.176354 0.019700 0.042000
0 0.615009 0.157021 0.022064 0.043400
0 0.664540 0.152354 0.026792 0.044800
0 0.782739 0.893021 0.022852 0.049000
0 0.482927 0.654354 0.025216 0.043400
0 0.300281 0.074389 0.017927 0.038522
0 0.279925 0.074354 0.019700 0.032200
0 0.577111 0.276354 0.014972 0.030800
0 0.631895 0.433688 0.019700 0.036400
0 0.622139 0.374354 0.021276 0.037800
0 0.601126 0.430354 0.019700 0.035000
0 0.628518 0.203021 0.020488 0.033600
0 0.535084 0.563687 0.019700 0.035000
0 0.371107 0.228354 0.015760 0.030800
