0 0.523827 0.034354 0.019700 0.035000
0 0.584643 0.461687 0.019642 0.030800
0 0.619887 0.773688 0.024428 0.044800
0 0.363827 0.040937 0.029549 0.060575
0 0.294529 0.087154 0.028097 0.048470
0 0.524625 0.170431 0.025020 0.054615
0 0.737452 0.113344 0.025225 0.052860
0 0.867868 0.168264 0.028829 0.046453
0 0.604462 0.538973 0.025225 0.049657
0 0.785500 0.416166 0.030631 0.051259
0 0.759760 0.475663 0.028829 0.048055
0 0.901235 0.221078 0.031250 0.055556
0 0.892394 0.235157 0.031250 0.055556
0 0.873898 0.257157 0.031250 0.055556
