2 0.806712 0.192006 0.184346 0.201449
2 0.828524 0.832100 0.152959 0.335800
2 0.673745 0.674942 0.124813 0.240516
2 0.504076 0.294122 0.148438 0.263889
2 0.564994 0.368874 0.148438 0.263889
2 0.456028 0.411589 0.148438 0.263889
1 0.629344 0.397097 0.043243 0.075286
2 0.931843 0.627455 0.136315 0.379634
2 0.330330 0.599995 0.157658 0.270709
1 0.026169 0.684663 0.045045 0.073684
2 0.250965 0.094803 0.148438 0.189606
2 0.141999 0.080310 0.148437 0.160620
1 0.706993 0.929515 0.042342 0.072082
0 0.855856 0.586265 0.023423 0.046453
