0 0.922403 0.252727 0.033583 0.059446
0 0.969678 0.382261 0.041728 0.081075
0 0.843420 0.659060 0.042331 0.072383
0 0.549600 0.716798 0.045839 0.061314
0 0.395278 0.104320 0.037483 0.064453
0 0.415531 0.489945 0.040899 0.061963
0 0.541221 0.519202 0.035035 0.061712
0 0.514397 0.563023 0.021143 0.056489
0 0.469564 0.496438 0.030916 0.068364
0 0.378344 0.708890 0.041397 0.064037
0 0.423072 0.889464 0.034700 0.054111
0 0.739168 0.266662 0.031250 0.055556
0 0.722008 0.246830 0.031250 0.055556
0 0.735736 0.205640 0.031250 0.055556
0 0.741742 0.169027 0.031250 0.055556
0 0.710854 0.188859 0.031250 0.055556
0 0.756614 0.194412 0.031250 0.055556
