0 0.433441 0.018187 0.039940 0.036373
0 0.344038 0.170700 0.041833 0.065881
0 0.595225 0.144173 0.035505 0.061456
0 0.474166 0.160042 0.032038 0.054381
0 0.458313 0.133658 0.032482 0.057904
0 0.500433 0.450903 0.035492 0.052876
0 0.735002 0.448570 0.034620 0.062547
0 0.776273 0.565901 0.035890 0.060530
0 0.821125 0.526699 0.023826 0.062043
0 0.816551 0.706035 0.033202 0.063066
0 0.842146 0.803591 0.032601 0.060869
0 0.641867 0.672201 0.037629 0.062502
0 0.800515 0.548126 0.022523 0.056064
0 0.289575 0.337600 0.032432 0.081693
0 0.131274 0.505411 0.029730 0.056064
0 0.107250 0.470323 0.031532 0.056064
