1 0.921783 0.234770 0.042006 0.069225
1 0.707125 0.488367 0.035009 0.051503
1 0.957925 0.698339 0.035332 0.058502
1 0.989470 0.483558 0.021061 0.059616
2 0.889400 0.532462 0.172503 0.352310
1 0.595882 0.636609 0.032432 0.068879
2 0.665380 0.550415 0.148438 0.263889
2 0.617332 0.478714 0.148438 0.263889
2 0.595882 0.744160 0.148438 0.263889
2 0.694552 0.894571 0.148438 0.210858
1 0.359073 0.420705 0.042969 0.076389
1 0.348777 0.382604 0.042969 0.076389
1 0.265551 0.290308 0.036036 0.062471
2 0.227799 0.165975 0.113514 0.160183
1 0.380094 0.861628 0.047748 0.080091
1 0.360360 0.925701 0.038739 0.080091
1 0.473187 0.889850 0.034234 0.065675
1 0.163020 0.969740 0.054955 0.060520
2 0.948112 0.953321 0.103775 0.093357
