0 0.633623 0.357852 0.034345 0.063826
0 0.767400 0.403315 0.036194 0.062645
0 0.859097 0.293417 0.029799 0.060018
0 0.590022 0.502149 0.041363 0.065580
0 0.510100 0.485753 0.040084 0.064948
0 0.296311 0.023087 0.037951 0.046173
0 0.140283 0.296410 0.027027 0.056064
0 0.210639 0.294122 0.030631 0.051259
0 0.311025 0.247593 0.032432 0.062471
0 0.249678 0.326158 0.031532 0.057666
0 0.229944 0.580163 0.027928 0.056064
0 0.539683 0.877646 0.031532 0.056064
0 0.992525 0.773908 0.014951 0.072082
0 0.903475 0.794503 0.033333 0.054462
0 0.929215 0.875358 0.026126 0.054462
