1 0.587731 0.275052 0.049549 0.088101
1 0.715573 0.571773 0.044144 0.080091
1 0.617332 0.870781 0.042969 0.076389
1 0.634492 0.934854 0.042969 0.076389
1 0.871300 0.948584 0.042969 0.076389
1 0.841270 0.875358 0.042969 0.076389
1 0.869584 0.898241 0.042969 0.076389
1 0.966967 0.939431 0.056757 0.092906
2 0.943715 0.526769 0.112570 0.635927
1 0.396825 0.961140 0.061261 0.077720
1 0.828400 0.930277 0.042969 0.076389
1 0.123981 0.837219 0.042969 0.076389
1 0.096525 0.803657 0.042969 0.076389
1 0.167739 0.547364 0.041441 0.086499
1 0.401973 0.069866 0.042969 0.076389
1 0.420849 0.036486 0.042969 0.072972
