2 0.45781300 0.26562500 0.06875000 0.06562500
0 0.35859400 0.73515600 0.07343800 0.07031200
0 0.93828100 0.70937500 0.06406300 0.06562500
0 0.94843800 0.31875000 0.07187500 0.06875000
0 0.54140600 0.14062500 0.06718700 0.06562500
0 0.78984400 0.15390600 0.07031200 0.07343800
0 0.52812500 0.70234400 0.06875000 0.07656300
0 0.96953100 0.45312500 0.05468800 0.06562500
0 0.66250000 0.94921900 0.07500000 0.07968800
2 0.16484400 0.46406300 0.07968800 0.07812500
0 0.96484400 0.91875000 0.06718700 0.08125000
