2 0.41640600 0.19531200 0.08906300 0.13125000
2 0.69921900 0.46875000 0.05781300 0.12812500
2 0.40625000 0.88437500 0.09062500 0.06875000
2 0.88515600 0.92500000 0.05468800 0.08750000
2 0.07031200 0.85859400 0.06875000 0.09218800
2 0.62578100 0.91250000 0.12343800 0.07812500
2 0.30312500 0.95312500 0.16875000 0.06562500
2 0.17578100 0.64296900 0.07031200 0.07656300
2 0.14921900 0.23046900 0.11406300 0.09843800
2 0.96875000 0.84062500 0.05625000 0.08125000
2 0.50546900 0.74218800 0.08906300 0.05625000
2 0.42578100 0.35078100 0.06406300 0.10468800
